------- BEAMDYN V1.00.* INDIVIDUAL BLADE INPUT FILE --------------------------
! Converted by hawc2ToBeamDyn.py from DTU_10MW_RWT_master.htc - Written using hawc2ToBeamDyn.py 
---------------------- BLADE PARAMETERS --------------------------------------
   48  station_total    - Number of blade input stations (-)
    1  damp_type        - Damping type (switch): 0: no damping; 1: viscous damping
---------------------- DAMPING COEFFICIENT------------------------------------
   mu1        mu2        mu3        mu4        mu5        mu6
   (s)        (s)        (s)        (s)        (s)        (s)
 0.015527311521160521 0.009834496998469331 0.0033197624145710827 0.009834496998469331 0.015527311521160521 0.0033197624145710827 
---------------------- DISTRIBUTED PROPERTIES---------------------------------
0.000000
   2.508243E+09 0.000000E+00 0.000000E+00 0.000000E+00 0.000000E+00 0.000000E+00
   0.000000E+00 1.942784E+09 0.000000E+00 0.000000E+00 0.000000E+00 0.000000E+00
   0.000000E+00 0.000000E+00 1.778616E+10 0.000000E+00 -0.000000E+00 0.000000E+00
   0.000000E+00 0.000000E+00 0.000000E+00 6.101151E+10 -0.000000E+00 0.000000E+00
   0.000000E+00 0.000000E+00 -0.000000E+00 -0.000000E+00 6.187247E+10 0.000000E+00
   0.000000E+00 0.000000E+00 0.000000E+00 0.000000E+00 0.000000E+00 2.745579E+10

   1.189511E+03 0.000000E+00 0.000000E+00 0.000000E+00 0.000000E+00 -0.000000E+00
   0.000000E+00 1.189511E+03 0.000000E+00 0.000000E+00 0.000000E+00 0.000000E+00
   0.000000E+00 0.000000E+00 1.189511E+03 0.000000E+00 -0.000000E+00 0.000000E+00
   0.000000E+00 0.000000E+00 0.000000E+00 3.706499E+03 -0.000000E+00 0.000000E+00
   0.000000E+00 0.000000E+00 -0.000000E+00 -0.000000E+00 3.957334E+03 0.000000E+00
   -0.000000E+00 0.000000E+00 0.000000E+00 0.000000E+00 0.000000E+00 7.663832E+03

0.021277
   2.507812E+09 0.000000E+00 0.000000E+00 0.000000E+00 0.000000E+00 -8.852165E+06
   0.000000E+00 1.946284E+09 0.000000E+00 0.000000E+00 0.000000E+00 -1.866940E+07
   0.000000E+00 0.000000E+00 1.783717E+10 1.098969E+08 5.880218E+07 0.000000E+00
   0.000000E+00 0.000000E+00 1.098969E+08 6.110817E+10 3.622873E+05 0.000000E+00
   0.000000E+00 0.000000E+00 5.880218E+07 3.622873E+05 6.214960E+10 0.000000E+00
   -8.852165E+06 -1.866940E+07 0.000000E+00 0.000000E+00 0.000000E+00 2.747624E+10

   1.191455E+03 0.000000E+00 0.000000E+00 0.000000E+00 0.000000E+00 -6.370022E+00
   0.000000E+00 1.191455E+03 0.000000E+00 0.000000E+00 0.000000E+00 -4.333319E+00
   0.000000E+00 0.000000E+00 1.191455E+03 6.370022E+00 4.333319E+00 0.000000E+00
   0.000000E+00 0.000000E+00 6.370022E+00 3.711622E+03 2.316776E-02 0.000000E+00
   0.000000E+00 0.000000E+00 4.333319E+00 2.316776E-02 3.966689E+03 0.000000E+00
   -6.370022E+00 -4.333319E+00 0.000000E+00 0.000000E+00 0.000000E+00 7.678311E+03

0.042553
   2.487461E+09 0.000000E+00 0.000000E+00 0.000000E+00 0.000000E+00 -8.152465E+06
   0.000000E+00 1.972016E+09 0.000000E+00 0.000000E+00 0.000000E+00 -1.762317E+07
   0.000000E+00 0.000000E+00 1.807313E+10 1.398107E+08 8.124083E+07 0.000000E+00
   0.000000E+00 0.000000E+00 1.398107E+08 6.112888E+10 6.284654E+05 0.000000E+00
   0.000000E+00 0.000000E+00 8.124083E+07 6.284654E+05 6.296525E+10 0.000000E+00
   -8.152465E+06 -1.762317E+07 0.000000E+00 0.000000E+00 0.000000E+00 2.733032E+10

   1.202334E+03 0.000000E+00 0.000000E+00 0.000000E+00 0.000000E+00 -1.576940E+01
   0.000000E+00 1.202334E+03 0.000000E+00 0.000000E+00 0.000000E+00 -7.252500E+00
   0.000000E+00 0.000000E+00 1.202334E+03 1.576940E+01 7.252500E+00 0.000000E+00
   0.000000E+00 0.000000E+00 1.576940E+01 3.724554E+03 9.512132E-02 0.000000E+00
   0.000000E+00 0.000000E+00 7.252500E+00 9.512132E-02 3.981672E+03 0.000000E+00
   -1.576940E+01 -7.252500E+00 0.000000E+00 0.000000E+00 0.000000E+00 7.706226E+03

0.063830
   2.338185E+09 0.000000E+00 0.000000E+00 0.000000E+00 0.000000E+00 2.619009E+06
   0.000000E+00 1.951192E+09 0.000000E+00 0.000000E+00 0.000000E+00 6.986836E+06
   0.000000E+00 0.000000E+00 1.763638E+10 3.745933E+08 1.061176E+08 0.000000E+00
   0.000000E+00 0.000000E+00 3.745933E+08 5.796535E+10 2.253918E+06 0.000000E+00
   0.000000E+00 0.000000E+00 1.061176E+08 2.253918E+06 6.000505E+10 0.000000E+00
   2.619009E+06 6.986836E+06 0.000000E+00 0.000000E+00 0.000000E+00 2.550633E+10

   1.170036E+03 0.000000E+00 0.000000E+00 0.000000E+00 0.000000E+00 -2.667916E+01
   0.000000E+00 1.170036E+03 0.000000E+00 0.000000E+00 0.000000E+00 -8.198861E+00
   0.000000E+00 0.000000E+00 1.170036E+03 2.667916E+01 8.198861E+00 0.000000E+00
   0.000000E+00 0.000000E+00 2.667916E+01 3.571476E+03 1.869504E-01 0.000000E+00
   0.000000E+00 0.000000E+00 8.198861E+00 1.869504E-01 3.754298E+03 0.000000E+00
   -2.667916E+01 -8.198861E+00 0.000000E+00 0.000000E+00 0.000000E+00 7.325773E+03

0.085106
   2.053440E+09 -1.371822E+07 0.000000E+00 0.000000E+00 0.000000E+00 3.828544E+07
   -1.371822E+07 1.848467E+09 0.000000E+00 0.000000E+00 0.000000E+00 1.249646E+07
   0.000000E+00 0.000000E+00 1.676900E+10 1.572884E+08 1.858033E+08 0.000000E+00
   0.000000E+00 0.000000E+00 1.572884E+08 5.285666E+10 5.108634E+07 0.000000E+00
   0.000000E+00 0.000000E+00 1.858033E+08 5.108634E+07 5.359451E+10 0.000000E+00
   3.828544E+07 1.249646E+07 0.000000E+00 0.000000E+00 0.000000E+00 2.179573E+10

   1.107896E+03 0.000000E+00 0.000000E+00 0.000000E+00 0.000000E+00 -2.763112E+01
   0.000000E+00 1.107896E+03 0.000000E+00 0.000000E+00 0.000000E+00 -1.589521E+01
   0.000000E+00 0.000000E+00 1.107896E+03 2.763112E+01 1.589521E+01 0.000000E+00
   0.000000E+00 0.000000E+00 2.763112E+01 3.283447E+03 1.404037E+00 0.000000E+00
   0.000000E+00 0.000000E+00 1.589521E+01 1.404037E+00 3.298041E+03 0.000000E+00
   -2.763112E+01 -1.589521E+01 0.000000E+00 0.000000E+00 0.000000E+00 6.581488E+03

0.106383
   1.741990E+09 1.706297E+07 0.000000E+00 0.000000E+00 0.000000E+00 1.169734E+08
   1.706297E+07 1.745880E+09 0.000000E+00 0.000000E+00 0.000000E+00 4.179447E+07
   0.000000E+00 0.000000E+00 1.578806E+10 2.698894E+08 2.379563E+08 0.000000E+00
   0.000000E+00 0.000000E+00 2.698894E+08 4.667589E+10 -3.469190E+09 0.000000E+00
   0.000000E+00 0.000000E+00 2.379563E+08 -3.469190E+09 4.588307E+10 0.000000E+00
   1.169734E+08 4.179447E+07 0.000000E+00 0.000000E+00 0.000000E+00 1.768725E+10

   1.037879E+03 0.000000E+00 0.000000E+00 0.000000E+00 0.000000E+00 -4.291034E+01
   0.000000E+00 1.037879E+03 0.000000E+00 0.000000E+00 0.000000E+00 -2.169913E+01
   0.000000E+00 0.000000E+00 1.037879E+03 4.291034E+01 2.169913E+01 0.000000E+00
   0.000000E+00 0.000000E+00 4.291034E+01 2.875787E+03 -1.847592E+02 0.000000E+00
   0.000000E+00 0.000000E+00 2.169913E+01 -1.847592E+02 2.832143E+03 0.000000E+00
   -4.291034E+01 -2.169913E+01 0.000000E+00 0.000000E+00 0.000000E+00 5.707930E+03

0.127660
   1.461567E+09 1.042829E+08 0.000000E+00 0.000000E+00 0.000000E+00 2.667690E+08
   1.042829E+08 1.548399E+09 0.000000E+00 0.000000E+00 0.000000E+00 7.475801E+07
   0.000000E+00 0.000000E+00 1.461373E+10 7.359483E+07 4.337218E+08 0.000000E+00
   0.000000E+00 0.000000E+00 7.359483E+07 3.998430E+10 -3.897709E+09 0.000000E+00
   0.000000E+00 0.000000E+00 4.337218E+08 -3.897709E+09 3.674955E+10 0.000000E+00
   2.667690E+08 7.475801E+07 0.000000E+00 0.000000E+00 0.000000E+00 1.314598E+10

   9.603080E+02 0.000000E+00 0.000000E+00 0.000000E+00 0.000000E+00 -4.369765E+01
   0.000000E+00 9.603080E+02 0.000000E+00 0.000000E+00 0.000000E+00 -3.128575E+01
   0.000000E+00 0.000000E+00 9.603080E+02 4.369765E+01 3.128575E+01 0.000000E+00
   0.000000E+00 0.000000E+00 4.369765E+01 2.482640E+03 -2.390348E+02 0.000000E+00
   0.000000E+00 0.000000E+00 3.128575E+01 -2.390348E+02 2.281452E+03 0.000000E+00
   -4.369765E+01 -3.128575E+01 0.000000E+00 0.000000E+00 0.000000E+00 4.764092E+03

0.148936
   1.181152E+09 1.372273E+08 0.000000E+00 0.000000E+00 0.000000E+00 3.725747E+08
   1.372273E+08 1.431447E+09 0.000000E+00 0.000000E+00 0.000000E+00 9.598245E+07
   0.000000E+00 0.000000E+00 1.368200E+10 3.558674E+08 6.562249E+08 0.000000E+00
   0.000000E+00 0.000000E+00 3.558674E+08 3.507963E+10 -3.656230E+09 0.000000E+00
   0.000000E+00 0.000000E+00 6.562249E+08 -3.656230E+09 2.840196E+10 0.000000E+00
   3.725747E+08 9.598245E+07 0.000000E+00 0.000000E+00 0.000000E+00 9.452626E+09

   8.975079E+02 0.000000E+00 0.000000E+00 0.000000E+00 0.000000E+00 -6.841869E+01
   0.000000E+00 8.975079E+02 0.000000E+00 0.000000E+00 0.000000E+00 -4.069069E+01
   0.000000E+00 0.000000E+00 8.975079E+02 6.841869E+01 4.069069E+01 0.000000E+00
   0.000000E+00 0.000000E+00 6.841869E+01 2.253955E+03 -2.717734E+02 0.000000E+00
   0.000000E+00 0.000000E+00 4.069069E+01 -2.717734E+02 1.749227E+03 0.000000E+00
   -6.841869E+01 -4.069069E+01 0.000000E+00 0.000000E+00 0.000000E+00 4.003182E+03

0.170213
   9.829288E+08 1.440632E+08 0.000000E+00 0.000000E+00 0.000000E+00 4.513793E+08
   1.440632E+08 1.410060E+09 0.000000E+00 0.000000E+00 0.000000E+00 8.502127E+07
   0.000000E+00 0.000000E+00 1.310663E+10 3.944736E+08 7.963283E+08 0.000000E+00
   0.000000E+00 0.000000E+00 3.944736E+08 3.195032E+10 -3.254002E+09 0.000000E+00
   0.000000E+00 0.000000E+00 7.963283E+08 -3.254002E+09 2.226802E+10 0.000000E+00
   4.513793E+08 8.502127E+07 0.000000E+00 0.000000E+00 0.000000E+00 7.073843E+09

   8.591964E+02 0.000000E+00 0.000000E+00 0.000000E+00 0.000000E+00 -7.690893E+01
   0.000000E+00 8.591964E+02 0.000000E+00 0.000000E+00 0.000000E+00 -4.659806E+01
   0.000000E+00 0.000000E+00 8.591964E+02 7.690893E+01 4.659806E+01 0.000000E+00
   0.000000E+00 0.000000E+00 7.690893E+01 2.137190E+03 -2.625242E+02 0.000000E+00
   0.000000E+00 0.000000E+00 4.659806E+01 -2.625242E+02 1.342111E+03 0.000000E+00
   -7.690893E+01 -4.659806E+01 0.000000E+00 0.000000E+00 0.000000E+00 3.479301E+03

0.191489
   8.286890E+08 1.206047E+08 0.000000E+00 0.000000E+00 0.000000E+00 4.410430E+08
   1.206047E+08 1.334286E+09 0.000000E+00 0.000000E+00 0.000000E+00 7.362821E+07
   0.000000E+00 0.000000E+00 1.233388E+10 5.408193E+08 8.650570E+08 0.000000E+00
   0.000000E+00 0.000000E+00 5.408193E+08 2.916635E+10 -2.696123E+09 0.000000E+00
   0.000000E+00 0.000000E+00 8.650570E+08 -2.696123E+09 1.774166E+10 0.000000E+00
   4.410430E+08 7.362821E+07 0.000000E+00 0.000000E+00 0.000000E+00 5.316999E+09

   8.130432E+02 0.000000E+00 0.000000E+00 0.000000E+00 0.000000E+00 -1.007328E+02
   0.000000E+00 8.130432E+02 0.000000E+00 0.000000E+00 0.000000E+00 -4.977215E+01
   0.000000E+00 0.000000E+00 8.130432E+02 1.007328E+02 4.977215E+01 0.000000E+00
   0.000000E+00 0.000000E+00 1.007328E+02 2.031787E+03 -2.256394E+02 0.000000E+00
   0.000000E+00 0.000000E+00 4.977215E+01 -2.256394E+02 1.050580E+03 0.000000E+00
   -1.007328E+02 -4.977215E+01 0.000000E+00 0.000000E+00 0.000000E+00 3.082367E+03

0.212766
   7.222345E+08 8.374630E+07 0.000000E+00 0.000000E+00 0.000000E+00 3.736484E+08
   8.374630E+07 1.174982E+09 0.000000E+00 0.000000E+00 0.000000E+00 5.566108E+07
   0.000000E+00 0.000000E+00 1.141995E+10 7.387372E+08 8.669295E+08 0.000000E+00
   0.000000E+00 0.000000E+00 7.387372E+08 2.631877E+10 -2.150996E+09 0.000000E+00
   0.000000E+00 0.000000E+00 8.669295E+08 -2.150996E+09 1.440494E+10 0.000000E+00
   3.736484E+08 5.566108E+07 0.000000E+00 0.000000E+00 0.000000E+00 3.968660E+09

   7.597696E+02 0.000000E+00 0.000000E+00 0.000000E+00 0.000000E+00 -1.318607E+02
   0.000000E+00 7.597696E+02 0.000000E+00 0.000000E+00 0.000000E+00 -5.013130E+01
   0.000000E+00 0.000000E+00 7.597696E+02 1.318607E+02 5.013130E+01 0.000000E+00
   0.000000E+00 0.000000E+00 1.318607E+02 1.919892E+03 -1.870933E+02 0.000000E+00
   0.000000E+00 0.000000E+00 5.013130E+01 -1.870933E+02 8.418179E+02 0.000000E+00
   -1.318607E+02 -5.013130E+01 0.000000E+00 0.000000E+00 0.000000E+00 2.761710E+03

0.234043
   6.584959E+08 5.454753E+07 0.000000E+00 0.000000E+00 0.000000E+00 3.158598E+08
   5.454753E+07 1.024240E+09 0.000000E+00 0.000000E+00 0.000000E+00 4.560941E+07
   0.000000E+00 0.000000E+00 1.067226E+10 7.218081E+08 7.730565E+08 0.000000E+00
   0.000000E+00 0.000000E+00 7.218081E+08 2.404977E+10 -1.727695E+09 0.000000E+00
   0.000000E+00 0.000000E+00 7.730565E+08 -1.727695E+09 1.212209E+10 0.000000E+00
   3.158598E+08 4.560941E+07 0.000000E+00 0.000000E+00 0.000000E+00 3.174473E+09

   7.155868E+02 0.000000E+00 0.000000E+00 0.000000E+00 0.000000E+00 -1.425931E+02
   0.000000E+00 7.155868E+02 0.000000E+00 0.000000E+00 0.000000E+00 -4.557570E+01
   0.000000E+00 0.000000E+00 7.155868E+02 1.425931E+02 4.557570E+01 0.000000E+00
   0.000000E+00 0.000000E+00 1.425931E+02 1.821639E+03 -1.540965E+02 0.000000E+00
   0.000000E+00 0.000000E+00 4.557570E+01 -1.540965E+02 7.020090E+02 0.000000E+00
   -1.425931E+02 -4.557570E+01 0.000000E+00 0.000000E+00 0.000000E+00 2.523648E+03

0.255319
   5.966139E+08 3.531577E+07 0.000000E+00 0.000000E+00 0.000000E+00 2.924655E+08
   3.531577E+07 8.720136E+08 0.000000E+00 0.000000E+00 0.000000E+00 3.140931E+07
   0.000000E+00 0.000000E+00 9.951723E+09 5.616751E+08 6.917354E+08 0.000000E+00
   0.000000E+00 0.000000E+00 5.616751E+08 2.158729E+10 -1.414568E+09 0.000000E+00
   0.000000E+00 0.000000E+00 6.917354E+08 -1.414568E+09 1.026812E+10 0.000000E+00
   2.924655E+08 3.140931E+07 0.000000E+00 0.000000E+00 0.000000E+00 2.509781E+09

   6.724010E+02 0.000000E+00 0.000000E+00 0.000000E+00 0.000000E+00 -1.388273E+02
   0.000000E+00 6.724010E+02 0.000000E+00 0.000000E+00 0.000000E+00 -4.180137E+01
   0.000000E+00 0.000000E+00 6.724010E+02 1.388273E+02 4.180137E+01 0.000000E+00
   0.000000E+00 0.000000E+00 1.388273E+02 1.689050E+03 -1.286950E+02 0.000000E+00
   0.000000E+00 0.000000E+00 4.180137E+01 -1.286950E+02 5.920930E+02 0.000000E+00
   -1.388273E+02 -4.180137E+01 0.000000E+00 0.000000E+00 0.000000E+00 2.281143E+03

0.276596
   5.530643E+08 2.286122E+07 0.000000E+00 0.000000E+00 0.000000E+00 2.778735E+08
   2.286122E+07 7.548389E+08 0.000000E+00 0.000000E+00 0.000000E+00 1.998324E+07
   0.000000E+00 0.000000E+00 9.382570E+09 3.029005E+08 6.418598E+08 0.000000E+00
   0.000000E+00 0.000000E+00 3.029005E+08 1.942593E+10 -1.185517E+09 0.000000E+00
   0.000000E+00 0.000000E+00 6.418598E+08 -1.185517E+09 8.813718E+09 0.000000E+00
   2.778735E+08 1.998324E+07 0.000000E+00 0.000000E+00 0.000000E+00 2.039340E+09

   6.380400E+02 0.000000E+00 0.000000E+00 0.000000E+00 0.000000E+00 -1.275005E+02
   0.000000E+00 6.380400E+02 0.000000E+00 0.000000E+00 0.000000E+00 -3.955529E+01
   0.000000E+00 0.000000E+00 6.380400E+02 1.275005E+02 3.955529E+01 0.000000E+00
   0.000000E+00 0.000000E+00 1.275005E+02 1.566742E+03 -1.095712E+02 0.000000E+00
   0.000000E+00 0.000000E+00 3.955529E+01 -1.095712E+02 5.068682E+02 0.000000E+00
   -1.275005E+02 -3.955529E+01 0.000000E+00 0.000000E+00 0.000000E+00 2.073610E+03

0.297872
   5.152106E+08 1.249046E+07 0.000000E+00 0.000000E+00 0.000000E+00 2.597339E+08
   1.249046E+07 6.481959E+08 0.000000E+00 0.000000E+00 0.000000E+00 7.601092E+06
   0.000000E+00 0.000000E+00 8.880303E+09 5.095777E+08 6.143977E+08 0.000000E+00
   0.000000E+00 0.000000E+00 5.095777E+08 1.869103E+10 -1.019899E+09 0.000000E+00
   0.000000E+00 0.000000E+00 6.143977E+08 -1.019899E+09 7.470116E+09 0.000000E+00
   2.597339E+08 7.601092E+06 0.000000E+00 0.000000E+00 0.000000E+00 1.664859E+09

   6.049090E+02 0.000000E+00 0.000000E+00 0.000000E+00 0.000000E+00 -1.341104E+02
   0.000000E+00 6.049090E+02 0.000000E+00 0.000000E+00 0.000000E+00 -3.813741E+01
   0.000000E+00 0.000000E+00 6.049090E+02 1.341104E+02 3.813741E+01 0.000000E+00
   0.000000E+00 0.000000E+00 1.341104E+02 1.492596E+03 -8.898125E+01 0.000000E+00
   0.000000E+00 0.000000E+00 3.813741E+01 -8.898125E+01 4.278672E+02 0.000000E+00
   -1.341104E+02 -3.813741E+01 0.000000E+00 0.000000E+00 0.000000E+00 1.920463E+03

0.319149
   4.913817E+08 9.216412E+06 0.000000E+00 0.000000E+00 0.000000E+00 2.372219E+08
   9.216412E+06 6.042884E+08 0.000000E+00 0.000000E+00 0.000000E+00 -1.622087E+06
   0.000000E+00 0.000000E+00 8.603000E+09 6.839791E+08 6.271579E+08 0.000000E+00
   0.000000E+00 0.000000E+00 6.839791E+08 1.796239E+10 -8.893723E+08 0.000000E+00
   0.000000E+00 0.000000E+00 6.271579E+08 -8.893723E+08 6.447529E+09 0.000000E+00
   2.372219E+08 -1.622087E+06 0.000000E+00 0.000000E+00 0.000000E+00 1.408859E+09

   5.845788E+02 0.000000E+00 0.000000E+00 0.000000E+00 0.000000E+00 -1.420680E+02
   0.000000E+00 5.845788E+02 0.000000E+00 0.000000E+00 0.000000E+00 -3.897131E+01
   0.000000E+00 0.000000E+00 5.845788E+02 1.420680E+02 3.897131E+01 0.000000E+00
   0.000000E+00 0.000000E+00 1.420680E+02 1.420299E+03 -7.379402E+01 0.000000E+00
   0.000000E+00 0.000000E+00 3.897131E+01 -7.379402E+01 3.683224E+02 0.000000E+00
   -1.420680E+02 -3.897131E+01 0.000000E+00 0.000000E+00 0.000000E+00 1.788622E+03

0.340426
   4.708677E+08 8.294577E+06 0.000000E+00 0.000000E+00 0.000000E+00 2.250817E+08
   8.294577E+06 5.801578E+08 0.000000E+00 0.000000E+00 0.000000E+00 -7.255242E+06
   0.000000E+00 0.000000E+00 8.423436E+09 6.084849E+08 6.413283E+08 0.000000E+00
   0.000000E+00 0.000000E+00 6.084849E+08 1.675577E+10 -7.954041E+08 0.000000E+00
   0.000000E+00 0.000000E+00 6.413283E+08 -7.954041E+08 5.669912E+09 0.000000E+00
   2.250817E+08 -7.255242E+06 0.000000E+00 0.000000E+00 0.000000E+00 1.232380E+09

   5.695914E+02 0.000000E+00 0.000000E+00 0.000000E+00 0.000000E+00 -1.354218E+02
   0.000000E+00 5.695914E+02 0.000000E+00 0.000000E+00 0.000000E+00 -3.967675E+01
   0.000000E+00 0.000000E+00 5.695914E+02 1.354218E+02 3.967675E+01 0.000000E+00
   0.000000E+00 0.000000E+00 1.354218E+02 1.324929E+03 -6.441195E+01 0.000000E+00
   0.000000E+00 0.000000E+00 3.967675E+01 -6.441195E+01 3.225055E+02 0.000000E+00
   -1.354218E+02 -3.967675E+01 0.000000E+00 0.000000E+00 0.000000E+00 1.647435E+03

0.361702
   4.497058E+08 8.430022E+06 0.000000E+00 0.000000E+00 0.000000E+00 2.070593E+08
   8.430022E+06 5.659136E+08 0.000000E+00 0.000000E+00 0.000000E+00 -1.051676E+07
   0.000000E+00 0.000000E+00 8.226283E+09 5.044575E+08 6.322510E+08 0.000000E+00
   0.000000E+00 0.000000E+00 5.044575E+08 1.527413E+10 -7.075809E+08 0.000000E+00
   0.000000E+00 0.000000E+00 6.322510E+08 -7.075809E+08 5.003324E+09 0.000000E+00
   2.070593E+08 -1.051676E+07 0.000000E+00 0.000000E+00 0.000000E+00 1.079390E+09

   5.511958E+02 0.000000E+00 0.000000E+00 0.000000E+00 0.000000E+00 -1.314731E+02
   0.000000E+00 5.511958E+02 0.000000E+00 0.000000E+00 0.000000E+00 -3.865010E+01
   0.000000E+00 0.000000E+00 5.511958E+02 1.314731E+02 3.865010E+01 0.000000E+00
   0.000000E+00 0.000000E+00 1.314731E+02 1.215934E+03 -5.641263E+01 0.000000E+00
   0.000000E+00 0.000000E+00 3.865010E+01 -5.641263E+01 2.825530E+02 0.000000E+00
   -1.314731E+02 -3.865010E+01 0.000000E+00 0.000000E+00 0.000000E+00 1.498487E+03

0.382979
   4.231685E+08 8.022782E+06 0.000000E+00 0.000000E+00 0.000000E+00 1.908337E+08
   8.022782E+06 5.389791E+08 0.000000E+00 0.000000E+00 0.000000E+00 -9.881301E+06
   0.000000E+00 0.000000E+00 7.977375E+09 3.109101E+08 5.889001E+08 0.000000E+00
   0.000000E+00 0.000000E+00 3.109101E+08 1.365800E+10 -6.203567E+08 0.000000E+00
   0.000000E+00 0.000000E+00 5.889001E+08 -6.203567E+08 4.403057E+09 0.000000E+00
   1.908337E+08 -9.881301E+06 0.000000E+00 0.000000E+00 0.000000E+00 9.327913E+08

   5.315228E+02 0.000000E+00 0.000000E+00 0.000000E+00 0.000000E+00 -1.177197E+02
   0.000000E+00 5.315228E+02 0.000000E+00 0.000000E+00 0.000000E+00 -3.557820E+01
   0.000000E+00 0.000000E+00 5.315228E+02 1.177197E+02 3.557820E+01 0.000000E+00
   0.000000E+00 0.000000E+00 1.177197E+02 1.098072E+03 -4.939423E+01 0.000000E+00
   0.000000E+00 0.000000E+00 3.557820E+01 -4.939423E+01 2.476187E+02 0.000000E+00
   -1.177197E+02 -3.557820E+01 0.000000E+00 0.000000E+00 0.000000E+00 1.345690E+03

0.404255
   3.998838E+08 8.088309E+06 0.000000E+00 0.000000E+00 0.000000E+00 1.761662E+08
   8.088309E+06 5.257839E+08 0.000000E+00 0.000000E+00 0.000000E+00 -7.577635E+06
   0.000000E+00 0.000000E+00 7.772325E+09 2.281438E+08 5.292426E+08 0.000000E+00
   0.000000E+00 0.000000E+00 2.281438E+08 1.244420E+10 -5.364984E+08 0.000000E+00
   0.000000E+00 0.000000E+00 5.292426E+08 -5.364984E+08 3.880752E+09 0.000000E+00
   1.761662E+08 -7.577635E+06 0.000000E+00 0.000000E+00 0.000000E+00 8.259184E+08

   5.110262E+02 0.000000E+00 0.000000E+00 0.000000E+00 0.000000E+00 -1.051925E+02
   0.000000E+00 5.110262E+02 0.000000E+00 0.000000E+00 0.000000E+00 -3.134271E+01
   0.000000E+00 0.000000E+00 5.110262E+02 1.051925E+02 3.134271E+01 0.000000E+00
   0.000000E+00 0.000000E+00 1.051925E+02 9.935191E+02 -4.220291E+01 0.000000E+00
   0.000000E+00 0.000000E+00 3.134271E+01 -4.220291E+01 2.164440E+02 0.000000E+00
   -1.051925E+02 -3.134271E+01 0.000000E+00 0.000000E+00 0.000000E+00 1.209963E+03

0.425532
   3.764507E+08 7.908506E+06 0.000000E+00 0.000000E+00 0.000000E+00 1.599011E+08
   7.908506E+06 5.113584E+08 0.000000E+00 0.000000E+00 0.000000E+00 -4.104936E+06
   0.000000E+00 0.000000E+00 7.549102E+09 2.179703E+08 4.567300E+08 0.000000E+00
   0.000000E+00 0.000000E+00 2.179703E+08 1.142943E+10 -4.590632E+08 0.000000E+00
   0.000000E+00 0.000000E+00 4.567300E+08 -4.590632E+08 3.394849E+09 0.000000E+00
   1.599011E+08 -4.104936E+06 0.000000E+00 0.000000E+00 0.000000E+00 7.201744E+08

   4.942215E+02 0.000000E+00 0.000000E+00 0.000000E+00 0.000000E+00 -9.967760E+01
   0.000000E+00 4.942215E+02 0.000000E+00 0.000000E+00 0.000000E+00 -2.660441E+01
   0.000000E+00 0.000000E+00 4.942215E+02 9.967760E+01 2.660441E+01 0.000000E+00
   0.000000E+00 0.000000E+00 9.967760E+01 9.085131E+02 -3.573852E+01 0.000000E+00
   0.000000E+00 0.000000E+00 2.660441E+01 -3.573852E+01 1.886619E+02 0.000000E+00
   -9.967760E+01 -2.660441E+01 0.000000E+00 0.000000E+00 0.000000E+00 1.097175E+03

0.446809
   3.550236E+08 6.877746E+06 0.000000E+00 0.000000E+00 0.000000E+00 1.476110E+08
   6.877746E+06 4.827799E+08 0.000000E+00 0.000000E+00 0.000000E+00 -6.719829E+05
   0.000000E+00 0.000000E+00 7.307383E+09 1.794760E+08 3.856016E+08 0.000000E+00
   0.000000E+00 0.000000E+00 1.794760E+08 1.033210E+10 -3.879748E+08 0.000000E+00
   0.000000E+00 0.000000E+00 3.856016E+08 -3.879748E+08 2.965363E+09 0.000000E+00
   1.476110E+08 -6.719829E+05 0.000000E+00 0.000000E+00 0.000000E+00 6.258215E+08

   4.759339E+02 0.000000E+00 0.000000E+00 0.000000E+00 0.000000E+00 -9.101120E+01
   0.000000E+00 4.759339E+02 0.000000E+00 0.000000E+00 0.000000E+00 -2.199558E+01
   0.000000E+00 0.000000E+00 4.759339E+02 9.101120E+01 2.199558E+01 0.000000E+00
   0.000000E+00 0.000000E+00 9.101120E+01 8.178584E+02 -3.011017E+01 0.000000E+00
   0.000000E+00 0.000000E+00 2.199558E+01 -3.011017E+01 1.640349E+02 0.000000E+00
   -9.101120E+01 -2.199558E+01 0.000000E+00 0.000000E+00 0.000000E+00 9.818933E+02

0.468085
   3.332566E+08 6.731436E+06 0.000000E+00 0.000000E+00 0.000000E+00 1.313398E+08
   6.731436E+06 4.687600E+08 0.000000E+00 0.000000E+00 0.000000E+00 2.442096E+06
   0.000000E+00 0.000000E+00 7.057447E+09 1.671320E+08 3.151209E+08 0.000000E+00
   0.000000E+00 0.000000E+00 1.671320E+08 9.261694E+09 -3.247699E+08 0.000000E+00
   0.000000E+00 0.000000E+00 3.151209E+08 -3.247699E+08 2.583987E+09 0.000000E+00
   1.313398E+08 2.442096E+06 0.000000E+00 0.000000E+00 0.000000E+00 5.426308E+08

   4.570126E+02 0.000000E+00 0.000000E+00 0.000000E+00 0.000000E+00 -8.806278E+01
   0.000000E+00 4.570126E+02 0.000000E+00 0.000000E+00 0.000000E+00 -1.744834E+01
   0.000000E+00 0.000000E+00 4.570126E+02 8.806278E+01 1.744834E+01 0.000000E+00
   0.000000E+00 0.000000E+00 8.806278E+01 7.384104E+02 -2.544715E+01 0.000000E+00
   0.000000E+00 0.000000E+00 1.744834E+01 -2.544715E+01 1.421780E+02 0.000000E+00
   -8.806278E+01 -1.744834E+01 0.000000E+00 0.000000E+00 0.000000E+00 8.805884E+02

0.489362
   3.107691E+08 6.553086E+06 0.000000E+00 0.000000E+00 0.000000E+00 1.190861E+08
   6.553086E+06 4.557472E+08 0.000000E+00 0.000000E+00 0.000000E+00 5.836450E+06
   0.000000E+00 0.000000E+00 6.792680E+09 1.229129E+08 2.439661E+08 0.000000E+00
   0.000000E+00 0.000000E+00 1.229129E+08 8.281400E+09 -2.688271E+08 0.000000E+00
   0.000000E+00 0.000000E+00 2.439661E+08 -2.688271E+08 2.242837E+09 0.000000E+00
   1.190861E+08 5.836450E+06 0.000000E+00 0.000000E+00 0.000000E+00 4.752465E+08

   4.373682E+02 0.000000E+00 0.000000E+00 0.000000E+00 0.000000E+00 -8.182883E+01
   0.000000E+00 4.373682E+02 0.000000E+00 0.000000E+00 0.000000E+00 -1.295897E+01
   0.000000E+00 0.000000E+00 4.373682E+02 8.182883E+01 1.295897E+01 0.000000E+00
   0.000000E+00 0.000000E+00 8.182883E+01 6.593743E+02 -2.115167E+01 0.000000E+00
   0.000000E+00 0.000000E+00 1.295897E+01 -2.115167E+01 1.228569E+02 0.000000E+00
   -8.182883E+01 -1.295897E+01 0.000000E+00 0.000000E+00 0.000000E+00 7.822312E+02

0.510638
   2.937032E+08 5.912717E+06 0.000000E+00 0.000000E+00 0.000000E+00 1.090052E+08
   5.912717E+06 4.369823E+08 0.000000E+00 0.000000E+00 0.000000E+00 8.519113E+06
   0.000000E+00 0.000000E+00 6.523452E+09 7.806918E+07 1.803663E+08 0.000000E+00
   0.000000E+00 0.000000E+00 7.806918E+07 7.354586E+09 -2.212208E+08 0.000000E+00
   0.000000E+00 0.000000E+00 1.803663E+08 -2.212208E+08 1.945630E+09 0.000000E+00
   1.090052E+08 8.519113E+06 0.000000E+00 0.000000E+00 0.000000E+00 4.148827E+08

   4.173820E+02 0.000000E+00 0.000000E+00 0.000000E+00 0.000000E+00 -7.356439E+01
   0.000000E+00 4.173820E+02 0.000000E+00 0.000000E+00 0.000000E+00 -9.017724E+00
   0.000000E+00 0.000000E+00 4.173820E+02 7.356439E+01 9.017724E+00 0.000000E+00
   0.000000E+00 0.000000E+00 7.356439E+01 5.845929E+02 -1.763232E+01 0.000000E+00
   0.000000E+00 0.000000E+00 9.017724E+00 -1.763232E+01 1.060345E+02 0.000000E+00
   -7.356439E+01 -9.017724E+00 0.000000E+00 0.000000E+00 0.000000E+00 6.906273E+02

0.531915
   2.750610E+08 5.227446E+06 0.000000E+00 0.000000E+00 0.000000E+00 9.833433E+07
   5.227446E+06 4.126417E+08 0.000000E+00 0.000000E+00 0.000000E+00 1.064155E+07
   0.000000E+00 0.000000E+00 6.209163E+09 1.211006E+07 1.244216E+08 0.000000E+00
   0.000000E+00 0.000000E+00 1.211006E+07 6.371371E+09 -1.781799E+08 0.000000E+00
   0.000000E+00 0.000000E+00 1.244216E+08 -1.781799E+08 1.677952E+09 0.000000E+00
   9.833433E+07 1.064155E+07 0.000000E+00 0.000000E+00 0.000000E+00 3.570300E+08

   3.949541E+02 0.000000E+00 0.000000E+00 0.000000E+00 0.000000E+00 -6.199826E+01
   0.000000E+00 3.949541E+02 0.000000E+00 0.000000E+00 0.000000E+00 -5.666749E+00
   0.000000E+00 0.000000E+00 3.949541E+02 6.199826E+01 5.666749E+00 0.000000E+00
   0.000000E+00 0.000000E+00 6.199826E+01 5.052171E+02 -1.447451E+01 0.000000E+00
   0.000000E+00 0.000000E+00 5.666749E+00 -1.447451E+01 9.120100E+01 0.000000E+00
   -6.199826E+01 -5.666749E+00 0.000000E+00 0.000000E+00 0.000000E+00 5.964181E+02

0.553191
   2.587271E+08 4.833050E+06 0.000000E+00 0.000000E+00 0.000000E+00 8.927415E+07
   4.833050E+06 3.998784E+08 0.000000E+00 0.000000E+00 0.000000E+00 1.256926E+07
   0.000000E+00 0.000000E+00 5.961083E+09 8.853291E+06 7.575690E+07 0.000000E+00
   0.000000E+00 0.000000E+00 8.853291E+06 5.688801E+09 -1.447673E+08 0.000000E+00
   0.000000E+00 0.000000E+00 7.575690E+07 -1.447673E+08 1.458472E+09 0.000000E+00
   8.927415E+07 1.256926E+07 0.000000E+00 0.000000E+00 0.000000E+00 3.137997E+08

   3.763226E+02 0.000000E+00 0.000000E+00 0.000000E+00 0.000000E+00 -5.630956E+01
   0.000000E+00 3.763226E+02 0.000000E+00 0.000000E+00 0.000000E+00 -2.749096E+00
   0.000000E+00 0.000000E+00 3.763226E+02 5.630956E+01 2.749096E+00 0.000000E+00
   0.000000E+00 0.000000E+00 5.630956E+01 4.474276E+02 -1.192504E+01 0.000000E+00
   0.000000E+00 0.000000E+00 2.749096E+00 -1.192504E+01 7.873233E+01 0.000000E+00
   -5.630956E+01 -2.749096E+00 0.000000E+00 0.000000E+00 0.000000E+00 5.261599E+02

0.574468
   2.421406E+08 4.204680E+06 0.000000E+00 0.000000E+00 0.000000E+00 8.036143E+07
   4.204680E+06 3.779445E+08 0.000000E+00 0.000000E+00 0.000000E+00 1.383071E+07
   0.000000E+00 0.000000E+00 5.669414E+09 -9.183095E+06 3.441513E+07 0.000000E+00
   0.000000E+00 0.000000E+00 -9.183095E+06 4.978624E+09 -1.153041E+08 0.000000E+00
   0.000000E+00 0.000000E+00 3.441513E+07 -1.153041E+08 1.256493E+09 0.000000E+00
   8.036143E+07 1.383071E+07 0.000000E+00 0.000000E+00 0.000000E+00 2.706083E+08

   3.559976E+02 0.000000E+00 0.000000E+00 0.000000E+00 0.000000E+00 -4.928475E+01
   0.000000E+00 3.559976E+02 0.000000E+00 0.000000E+00 0.000000E+00 -3.451651E-01
   0.000000E+00 0.000000E+00 3.559976E+02 4.928475E+01 3.451651E-01 0.000000E+00
   0.000000E+00 0.000000E+00 4.928475E+01 3.896633E+02 -9.706736E+00 0.000000E+00
   0.000000E+00 0.000000E+00 3.451651E-01 -9.706736E+00 6.778642E+01 0.000000E+00
   -4.928475E+01 -3.451651E-01 0.000000E+00 0.000000E+00 0.000000E+00 4.574498E+02

0.595745
   2.274562E+08 3.695951E+06 0.000000E+00 0.000000E+00 0.000000E+00 7.223455E+07
   3.695951E+06 3.579070E+08 0.000000E+00 0.000000E+00 0.000000E+00 1.465961E+07
   0.000000E+00 0.000000E+00 5.384014E+09 -3.961891E+07 6.538838E+05 0.000000E+00
   0.000000E+00 0.000000E+00 -3.961891E+07 4.302879E+09 -9.105256E+07 0.000000E+00
   0.000000E+00 0.000000E+00 6.538838E+05 -9.105256E+07 1.089001E+09 0.000000E+00
   7.223455E+07 1.465961E+07 0.000000E+00 0.000000E+00 0.000000E+00 2.343203E+08

   3.354077E+02 0.000000E+00 0.000000E+00 0.000000E+00 0.000000E+00 -4.237098E+01
   0.000000E+00 3.354077E+02 0.000000E+00 0.000000E+00 0.000000E+00 1.570315E+00
   0.000000E+00 0.000000E+00 3.354077E+02 4.237098E+01 -1.570315E+00 0.000000E+00
   0.000000E+00 0.000000E+00 4.237098E+01 3.337529E+02 -7.849742E+00 0.000000E+00
   0.000000E+00 0.000000E+00 -1.570315E+00 -7.849742E+00 5.834792E+01 0.000000E+00
   -4.237098E+01 1.570315E+00 0.000000E+00 0.000000E+00 0.000000E+00 3.921008E+02

0.617021
   2.140162E+08 3.345622E+06 0.000000E+00 0.000000E+00 0.000000E+00 6.509050E+07
   3.345622E+06 3.438110E+08 0.000000E+00 0.000000E+00 0.000000E+00 1.528776E+07
   0.000000E+00 0.000000E+00 5.105908E+09 -4.822465E+07 -2.663982E+07 0.000000E+00
   0.000000E+00 0.000000E+00 -4.822465E+07 3.720301E+09 -7.141549E+07 0.000000E+00
   0.000000E+00 0.000000E+00 -2.663982E+07 -7.141549E+07 9.396301E+08 0.000000E+00
   6.509050E+07 1.528776E+07 0.000000E+00 0.000000E+00 0.000000E+00 2.047321E+08

   3.166728E+02 0.000000E+00 0.000000E+00 0.000000E+00 0.000000E+00 -3.783477E+01
   0.000000E+00 3.166728E+02 0.000000E+00 0.000000E+00 0.000000E+00 3.099226E+00
   0.000000E+00 0.000000E+00 3.166728E+02 3.783477E+01 -3.099226E+00 0.000000E+00
   0.000000E+00 0.000000E+00 3.783477E+01 2.889154E+02 -6.404421E+00 0.000000E+00
   0.000000E+00 0.000000E+00 -3.099226E+00 -6.404421E+00 5.032846E+01 0.000000E+00
   -3.783477E+01 3.099226E+00 0.000000E+00 0.000000E+00 0.000000E+00 3.392438E+02

0.638298
   2.023835E+08 2.788943E+06 0.000000E+00 0.000000E+00 0.000000E+00 5.930152E+07
   2.788943E+06 3.222369E+08 0.000000E+00 0.000000E+00 0.000000E+00 1.526232E+07
   0.000000E+00 0.000000E+00 4.832247E+09 -5.570958E+07 -4.663658E+07 0.000000E+00
   0.000000E+00 0.000000E+00 -5.570958E+07 3.218883E+09 -5.544815E+07 0.000000E+00
   0.000000E+00 0.000000E+00 -4.663658E+07 -5.544815E+07 8.127298E+08 0.000000E+00
   5.930152E+07 1.526232E+07 0.000000E+00 0.000000E+00 0.000000E+00 1.781497E+08

   2.978955E+02 0.000000E+00 0.000000E+00 0.000000E+00 0.000000E+00 -3.253153E+01
   0.000000E+00 2.978955E+02 0.000000E+00 0.000000E+00 0.000000E+00 4.148102E+00
   0.000000E+00 0.000000E+00 2.978955E+02 3.253153E+01 -4.148102E+00 0.000000E+00
   0.000000E+00 0.000000E+00 3.253153E+01 2.488258E+02 -5.152736E+00 0.000000E+00
   0.000000E+00 0.000000E+00 -4.148102E+00 -5.152736E+00 4.336190E+01 0.000000E+00
   -3.253153E+01 4.148102E+00 0.000000E+00 0.000000E+00 0.000000E+00 2.921877E+02

0.659574
   1.893748E+08 2.421240E+06 0.000000E+00 0.000000E+00 0.000000E+00 5.213395E+07
   2.421240E+06 3.034809E+08 0.000000E+00 0.000000E+00 0.000000E+00 1.507160E+07
   0.000000E+00 0.000000E+00 4.532201E+09 -5.215799E+07 -6.133796E+07 0.000000E+00
   0.000000E+00 0.000000E+00 -5.215799E+07 2.737533E+09 -4.255260E+07 0.000000E+00
   0.000000E+00 0.000000E+00 -6.133796E+07 -4.255260E+07 6.991144E+08 0.000000E+00
   5.213395E+07 1.507160E+07 0.000000E+00 0.000000E+00 0.000000E+00 1.531807E+08

   2.776520E+02 0.000000E+00 0.000000E+00 0.000000E+00 0.000000E+00 -2.740718E+01
   0.000000E+00 2.776520E+02 0.000000E+00 0.000000E+00 0.000000E+00 4.849023E+00
   0.000000E+00 0.000000E+00 2.776520E+02 2.740718E+01 -4.849023E+00 0.000000E+00
   0.000000E+00 0.000000E+00 2.740718E+01 2.101700E+02 -4.093567E+00 0.000000E+00
   0.000000E+00 0.000000E+00 -4.849023E+00 -4.093567E+00 3.718868E+01 0.000000E+00
   -2.740718E+01 4.849023E+00 0.000000E+00 0.000000E+00 0.000000E+00 2.473587E+02

0.680851
   1.765074E+08 2.212234E+06 0.000000E+00 0.000000E+00 0.000000E+00 4.599397E+07
   2.212234E+06 2.901769E+08 0.000000E+00 0.000000E+00 0.000000E+00 1.478514E+07
   0.000000E+00 0.000000E+00 4.239339E+09 -3.892655E+07 -7.180750E+07 0.000000E+00
   0.000000E+00 0.000000E+00 -3.892655E+07 2.341856E+09 -3.328547E+07 0.000000E+00
   0.000000E+00 0.000000E+00 -7.180750E+07 -3.328547E+07 5.985549E+08 0.000000E+00
   4.599397E+07 1.478514E+07 0.000000E+00 0.000000E+00 0.000000E+00 1.325113E+08

   2.601626E+02 0.000000E+00 0.000000E+00 0.000000E+00 0.000000E+00 -2.525708E+01
   0.000000E+00 2.601626E+02 0.000000E+00 0.000000E+00 0.000000E+00 5.390650E+00
   0.000000E+00 0.000000E+00 2.601626E+02 2.525708E+01 -5.390650E+00 0.000000E+00
   0.000000E+00 0.000000E+00 2.525708E+01 1.812756E+02 -3.384784E+00 0.000000E+00
   0.000000E+00 0.000000E+00 -5.390650E+00 -3.384784E+00 3.190772E+01 0.000000E+00
   -2.525708E+01 5.390650E+00 0.000000E+00 0.000000E+00 0.000000E+00 2.131833E+02

0.702128
   1.649049E+08 1.825064E+06 0.000000E+00 0.000000E+00 0.000000E+00 4.124630E+07
   1.825064E+06 2.684742E+08 0.000000E+00 0.000000E+00 0.000000E+00 1.395381E+07
   0.000000E+00 0.000000E+00 3.946970E+09 -4.658810E+07 -7.651273E+07 0.000000E+00
   0.000000E+00 0.000000E+00 -4.658810E+07 1.976081E+09 -2.488366E+07 0.000000E+00
   0.000000E+00 0.000000E+00 -7.651273E+07 -2.488366E+07 5.136579E+08 0.000000E+00
   4.124630E+07 1.395381E+07 0.000000E+00 0.000000E+00 0.000000E+00 1.147464E+08

   2.405280E+02 0.000000E+00 0.000000E+00 0.000000E+00 0.000000E+00 -2.100536E+01
   0.000000E+00 2.405280E+02 0.000000E+00 0.000000E+00 0.000000E+00 5.508652E+00
   0.000000E+00 0.000000E+00 2.405280E+02 2.100536E+01 -5.508652E+00 0.000000E+00
   0.000000E+00 0.000000E+00 2.100536E+01 1.516245E+02 -2.642154E+00 0.000000E+00
   0.000000E+00 0.000000E+00 -5.508652E+00 -2.642154E+00 2.727846E+01 0.000000E+00
   -2.100536E+01 5.508652E+00 0.000000E+00 0.000000E+00 0.000000E+00 1.789029E+02

0.723404
   1.536219E+08 1.629784E+06 0.000000E+00 0.000000E+00 0.000000E+00 3.646958E+07
   1.629784E+06 2.545517E+08 0.000000E+00 0.000000E+00 0.000000E+00 1.326023E+07
   0.000000E+00 0.000000E+00 3.647099E+09 -2.617420E+07 -7.826427E+07 0.000000E+00
   0.000000E+00 0.000000E+00 -2.617420E+07 1.678237E+09 -1.954712E+07 0.000000E+00
   0.000000E+00 0.000000E+00 -7.826427E+07 -1.954712E+07 4.344244E+08 0.000000E+00
   3.646958E+07 1.326023E+07 0.000000E+00 0.000000E+00 0.000000E+00 9.904021E+07

   2.225033E+02 0.000000E+00 0.000000E+00 0.000000E+00 0.000000E+00 -1.989208E+01
   0.000000E+00 2.225033E+02 0.000000E+00 0.000000E+00 0.000000E+00 5.544236E+00
   0.000000E+00 0.000000E+00 2.225033E+02 1.989208E+01 -5.544236E+00 0.000000E+00
   0.000000E+00 0.000000E+00 1.989208E+01 1.296809E+02 -2.189626E+00 0.000000E+00
   0.000000E+00 0.000000E+00 -5.544236E+00 -2.189626E+00 2.313626E+01 0.000000E+00
   -1.989208E+01 5.544236E+00 0.000000E+00 0.000000E+00 0.000000E+00 1.528171E+02

0.744681
   1.451658E+08 1.425173E+06 0.000000E+00 0.000000E+00 0.000000E+00 3.135836E+07
   1.425173E+06 2.396880E+08 0.000000E+00 0.000000E+00 0.000000E+00 1.246843E+07
   0.000000E+00 0.000000E+00 3.330905E+09 -1.628628E+06 -7.749637E+07 0.000000E+00
   0.000000E+00 0.000000E+00 -1.628628E+06 1.388729E+09 -1.543835E+07 0.000000E+00
   0.000000E+00 0.000000E+00 -7.749637E+07 -1.543835E+07 3.640959E+08 0.000000E+00
   3.135836E+07 1.246843E+07 0.000000E+00 0.000000E+00 0.000000E+00 8.417401E+07

   2.028345E+02 0.000000E+00 0.000000E+00 0.000000E+00 0.000000E+00 -1.796864E+01
   0.000000E+00 2.028345E+02 0.000000E+00 0.000000E+00 0.000000E+00 5.373040E+00
   0.000000E+00 0.000000E+00 2.028345E+02 1.796864E+01 -5.373040E+00 0.000000E+00
   0.000000E+00 0.000000E+00 1.796864E+01 1.072515E+02 -1.779468E+00 0.000000E+00
   0.000000E+00 0.000000E+00 -5.373040E+00 -1.779468E+00 1.935070E+01 0.000000E+00
   -1.796864E+01 5.373040E+00 0.000000E+00 0.000000E+00 0.000000E+00 1.266022E+02

0.765957
   1.347347E+08 1.147080E+06 0.000000E+00 0.000000E+00 0.000000E+00 2.792074E+07
   1.147080E+06 2.191387E+08 0.000000E+00 0.000000E+00 0.000000E+00 1.141222E+07
   0.000000E+00 0.000000E+00 3.026498E+09 1.302235E+07 -7.481826E+07 0.000000E+00
   0.000000E+00 0.000000E+00 1.302235E+07 1.168501E+09 -1.211655E+07 0.000000E+00
   0.000000E+00 0.000000E+00 -7.481826E+07 -1.211655E+07 3.024264E+08 0.000000E+00
   2.792074E+07 1.141222E+07 0.000000E+00 0.000000E+00 0.000000E+00 7.122522E+07

   1.855086E+02 0.000000E+00 0.000000E+00 0.000000E+00 0.000000E+00 -1.668754E+01
   0.000000E+00 1.855086E+02 0.000000E+00 0.000000E+00 0.000000E+00 5.171843E+00
   0.000000E+00 0.000000E+00 1.855086E+02 1.668754E+01 -5.171843E+00 0.000000E+00
   0.000000E+00 0.000000E+00 1.668754E+01 9.088761E+01 -1.462964E+00 0.000000E+00
   0.000000E+00 0.000000E+00 -5.171843E+00 -1.462964E+00 1.611625E+01 0.000000E+00
   -1.668754E+01 5.171843E+00 0.000000E+00 0.000000E+00 0.000000E+00 1.070039E+02

0.787234
   1.251630E+08 1.042914E+06 0.000000E+00 0.000000E+00 0.000000E+00 2.428836E+07
   1.042914E+06 2.068877E+08 0.000000E+00 0.000000E+00 0.000000E+00 1.057563E+07
   0.000000E+00 0.000000E+00 2.737194E+09 2.964350E+07 -7.063257E+07 0.000000E+00
   0.000000E+00 0.000000E+00 2.964350E+07 9.728137E+08 -1.001305E+07 0.000000E+00
   0.000000E+00 0.000000E+00 -7.063257E+07 -1.001305E+07 2.496159E+08 0.000000E+00
   2.428836E+07 1.057563E+07 0.000000E+00 0.000000E+00 0.000000E+00 6.077632E+07

   1.691090E+02 0.000000E+00 0.000000E+00 0.000000E+00 0.000000E+00 -1.584277E+01
   0.000000E+00 1.691090E+02 0.000000E+00 0.000000E+00 0.000000E+00 4.887673E+00
   0.000000E+00 0.000000E+00 1.691090E+02 1.584277E+01 -4.887673E+00 0.000000E+00
   0.000000E+00 0.000000E+00 1.584277E+01 7.652500E+01 -1.247142E+00 0.000000E+00
   0.000000E+00 0.000000E+00 -4.887673E+00 -1.247142E+00 1.333525E+01 0.000000E+00
   -1.584277E+01 4.887673E+00 0.000000E+00 0.000000E+00 0.000000E+00 8.986025E+01

0.808511
   1.158138E+08 8.529616E+05 0.000000E+00 0.000000E+00 0.000000E+00 2.126326E+07
   8.529616E+05 1.889519E+08 0.000000E+00 0.000000E+00 0.000000E+00 9.528953E+06
   0.000000E+00 0.000000E+00 2.445666E+09 3.260988E+07 -6.502623E+07 0.000000E+00
   0.000000E+00 0.000000E+00 3.260988E+07 7.926207E+08 -7.752527E+06 0.000000E+00
   0.000000E+00 0.000000E+00 -6.502623E+07 -7.752527E+06 2.035115E+08 0.000000E+00
   2.126326E+07 9.528953E+06 0.000000E+00 0.000000E+00 0.000000E+00 5.124707E+07

   1.513508E+02 0.000000E+00 0.000000E+00 0.000000E+00 0.000000E+00 -1.324027E+01
   0.000000E+00 1.513508E+02 0.000000E+00 0.000000E+00 0.000000E+00 4.456739E+00
   0.000000E+00 0.000000E+00 1.513508E+02 1.324027E+01 -4.456739E+00 0.000000E+00
   0.000000E+00 0.000000E+00 1.324027E+01 6.206092E+01 -9.746259E-01 0.000000E+00
   0.000000E+00 0.000000E+00 -4.456739E+00 -9.746259E-01 1.089408E+01 0.000000E+00
   -1.324027E+01 4.456739E+00 0.000000E+00 0.000000E+00 0.000000E+00 7.295500E+01

0.829787
   1.068536E+08 8.168377E+05 0.000000E+00 0.000000E+00 0.000000E+00 1.834867E+07
   8.168377E+05 1.802904E+08 0.000000E+00 0.000000E+00 0.000000E+00 8.897981E+06
   0.000000E+00 0.000000E+00 2.183442E+09 4.382260E+07 -5.982828E+07 0.000000E+00
   0.000000E+00 0.000000E+00 4.382260E+07 6.557025E+08 -6.665559E+06 0.000000E+00
   0.000000E+00 0.000000E+00 -5.982828E+07 -6.665559E+06 1.651582E+08 0.000000E+00
   1.834867E+07 8.897981E+06 0.000000E+00 0.000000E+00 0.000000E+00 4.376685E+07

   1.362963E+02 0.000000E+00 0.000000E+00 0.000000E+00 0.000000E+00 -1.267272E+01
   0.000000E+00 1.362963E+02 0.000000E+00 0.000000E+00 0.000000E+00 4.114718E+00
   0.000000E+00 0.000000E+00 1.362963E+02 1.267272E+01 -4.114718E+00 0.000000E+00
   0.000000E+00 0.000000E+00 1.267272E+01 5.162865E+01 -8.462670E-01 0.000000E+00
   0.000000E+00 0.000000E+00 -4.114718E+00 -8.462670E-01 8.887671E+00 0.000000E+00
   -1.267272E+01 4.114718E+00 0.000000E+00 0.000000E+00 0.000000E+00 6.051632E+01

0.851064
   9.650909E+07 7.402453E+05 0.000000E+00 0.000000E+00 0.000000E+00 1.523575E+07
   7.402453E+05 1.681991E+08 0.000000E+00 0.000000E+00 0.000000E+00 8.186057E+06
   0.000000E+00 0.000000E+00 1.899203E+09 5.515087E+07 -5.329680E+07 0.000000E+00
   0.000000E+00 0.000000E+00 5.515087E+07 5.261794E+08 -5.633282E+06 0.000000E+00
   0.000000E+00 0.000000E+00 -5.329680E+07 -5.633282E+06 1.303985E+08 0.000000E+00
   1.523575E+07 8.186057E+06 0.000000E+00 0.000000E+00 0.000000E+00 3.637572E+07

   1.195414E+02 0.000000E+00 0.000000E+00 0.000000E+00 0.000000E+00 -1.144169E+01
   0.000000E+00 1.195414E+02 0.000000E+00 0.000000E+00 0.000000E+00 3.666554E+00
   0.000000E+00 0.000000E+00 1.195414E+02 1.144169E+01 -3.666554E+00 0.000000E+00
   0.000000E+00 0.000000E+00 1.144169E+01 4.165086E+01 -6.979025E-01 0.000000E+00
   0.000000E+00 0.000000E+00 -3.666554E+00 -6.979025E-01 7.065943E+00 0.000000E+00
   -1.144169E+01 3.666554E+00 0.000000E+00 0.000000E+00 0.000000E+00 4.871680E+01

0.872340
   8.793738E+07 6.020611E+05 0.000000E+00 0.000000E+00 0.000000E+00 1.279673E+07
   6.020611E+05 1.495153E+08 0.000000E+00 0.000000E+00 0.000000E+00 7.055908E+06
   0.000000E+00 0.000000E+00 1.618194E+09 6.561471E+07 -4.620120E+07 0.000000E+00
   0.000000E+00 0.000000E+00 6.561471E+07 4.220663E+08 -5.009120E+06 0.000000E+00
   0.000000E+00 0.000000E+00 -4.620120E+07 -5.009120E+06 1.000053E+08 0.000000E+00
   1.279673E+07 7.055908E+06 0.000000E+00 0.000000E+00 0.000000E+00 2.913660E+07

   1.035037E+02 0.000000E+00 0.000000E+00 0.000000E+00 0.000000E+00 -1.102144E+01
   0.000000E+00 1.035037E+02 0.000000E+00 0.000000E+00 0.000000E+00 3.221648E+00
   0.000000E+00 0.000000E+00 1.035037E+02 1.102144E+01 -3.221648E+00 0.000000E+00
   0.000000E+00 0.000000E+00 1.102144E+01 3.402352E+01 -6.118071E-01 0.000000E+00
   0.000000E+00 0.000000E+00 -3.221648E+00 -6.118071E-01 5.462387E+00 0.000000E+00
   -1.102144E+01 3.221648E+00 0.000000E+00 0.000000E+00 0.000000E+00 3.948591E+01

0.893617
   7.965151E+07 6.068307E+05 0.000000E+00 0.000000E+00 0.000000E+00 1.059371E+07
   6.068307E+05 1.424559E+08 0.000000E+00 0.000000E+00 0.000000E+00 6.538684E+06
   0.000000E+00 0.000000E+00 1.373585E+09 7.501896E+07 -4.008105E+07 0.000000E+00
   0.000000E+00 0.000000E+00 7.501896E+07 3.359916E+08 -4.671690E+06 0.000000E+00
   0.000000E+00 0.000000E+00 -4.008105E+07 -4.671690E+06 7.612086E+07 0.000000E+00
   1.059371E+07 6.538684E+06 0.000000E+00 0.000000E+00 0.000000E+00 2.412021E+07

   8.945198E+01 0.000000E+00 0.000000E+00 0.000000E+00 0.000000E+00 -1.029665E+01
   0.000000E+00 8.945198E+01 0.000000E+00 0.000000E+00 0.000000E+00 2.825991E+00
   0.000000E+00 0.000000E+00 8.945198E+01 1.029665E+01 -2.825991E+00 0.000000E+00
   0.000000E+00 0.000000E+00 1.029665E+01 2.735834E+01 -5.385914E-01 0.000000E+00
   0.000000E+00 0.000000E+00 -2.825991E+00 -5.385914E-01 4.187078E+00 0.000000E+00
   -1.029665E+01 2.825991E+00 0.000000E+00 0.000000E+00 0.000000E+00 3.154542E+01

0.914894
   6.854771E+07 6.157698E+05 0.000000E+00 0.000000E+00 0.000000E+00 7.992973E+06
   6.157698E+05 1.315450E+08 0.000000E+00 0.000000E+00 0.000000E+00 5.864848E+06
   0.000000E+00 0.000000E+00 1.126302E+09 8.201650E+07 -3.339935E+07 0.000000E+00
   0.000000E+00 0.000000E+00 8.201650E+07 2.618109E+08 -4.409880E+06 0.000000E+00
   0.000000E+00 0.000000E+00 -3.339935E+07 -4.409880E+06 5.449067E+07 0.000000E+00
   7.992973E+06 5.864848E+06 0.000000E+00 0.000000E+00 0.000000E+00 1.906611E+07

   7.538741E+01 0.000000E+00 0.000000E+00 0.000000E+00 0.000000E+00 -9.596620E+00
   0.000000E+00 7.538741E+01 0.000000E+00 0.000000E+00 0.000000E+00 2.401452E+00
   0.000000E+00 0.000000E+00 7.538741E+01 9.596620E+00 -2.401452E+00 0.000000E+00
   0.000000E+00 0.000000E+00 9.596620E+00 2.159756E+01 -4.756410E-01 0.000000E+00
   0.000000E+00 0.000000E+00 -2.401452E+00 -4.756410E-01 3.066203E+00 0.000000E+00
   -9.596620E+00 2.401452E+00 0.000000E+00 0.000000E+00 0.000000E+00 2.466376E+01

0.936170
   5.521957E+07 6.138482E+05 0.000000E+00 0.000000E+00 0.000000E+00 5.742626E+06
   6.138482E+05 1.165128E+08 0.000000E+00 0.000000E+00 0.000000E+00 4.896788E+06
   0.000000E+00 0.000000E+00 8.747814E+08 7.469292E+07 -2.568228E+07 0.000000E+00
   0.000000E+00 0.000000E+00 7.469292E+07 1.874905E+08 -3.655684E+06 0.000000E+00
   0.000000E+00 0.000000E+00 -2.568228E+07 -3.655684E+06 3.580413E+07 0.000000E+00
   5.742626E+06 4.896788E+06 0.000000E+00 0.000000E+00 0.000000E+00 1.398928E+07

   6.039319E+01 0.000000E+00 0.000000E+00 0.000000E+00 0.000000E+00 -8.571391E+00
   0.000000E+00 6.039319E+01 0.000000E+00 0.000000E+00 0.000000E+00 1.904290E+00
   0.000000E+00 0.000000E+00 6.039319E+01 8.571391E+00 -1.904290E+00 0.000000E+00
   0.000000E+00 0.000000E+00 8.571391E+00 1.597205E+01 -3.982198E-01 0.000000E+00
   0.000000E+00 0.000000E+00 -1.904290E+00 -3.982198E-01 2.039627E+00 0.000000E+00
   -8.571391E+00 1.904290E+00 0.000000E+00 0.000000E+00 0.000000E+00 1.801168E+01

0.957447
   4.206847E+07 6.695000E+05 0.000000E+00 0.000000E+00 0.000000E+00 3.699680E+06
   6.695000E+05 1.008107E+08 0.000000E+00 0.000000E+00 0.000000E+00 3.868868E+06
   0.000000E+00 0.000000E+00 6.346967E+08 7.075666E+07 -1.803375E+07 0.000000E+00
   0.000000E+00 0.000000E+00 7.075666E+07 1.278267E+08 -3.155668E+06 0.000000E+00
   0.000000E+00 0.000000E+00 -1.803375E+07 -3.155668E+06 1.996660E+07 0.000000E+00
   3.699680E+06 3.868868E+06 0.000000E+00 0.000000E+00 0.000000E+00 9.263639E+06

   4.575734E+01 0.000000E+00 0.000000E+00 0.000000E+00 0.000000E+00 -7.129812E+00
   0.000000E+00 4.575734E+01 0.000000E+00 0.000000E+00 0.000000E+00 1.381696E+00
   0.000000E+00 0.000000E+00 4.575734E+01 7.129812E+00 -1.381696E+00 0.000000E+00
   0.000000E+00 0.000000E+00 7.129812E+00 1.078179E+01 -3.126399E-01 0.000000E+00
   0.000000E+00 0.000000E+00 -1.381696E+00 -3.126399E-01 1.171296E+00 0.000000E+00
   -7.129812E+00 1.381696E+00 0.000000E+00 0.000000E+00 0.000000E+00 1.195308E+01

0.978723
   2.726109E+07 6.175084E+05 0.000000E+00 0.000000E+00 0.000000E+00 1.916524E+06
   6.175084E+05 7.379784E+07 0.000000E+00 0.000000E+00 0.000000E+00 2.365956E+06
   0.000000E+00 0.000000E+00 3.774002E+08 5.019980E+07 -9.561822E+06 0.000000E+00
   0.000000E+00 0.000000E+00 5.019980E+07 6.465746E+07 -1.945095E+06 0.000000E+00
   0.000000E+00 0.000000E+00 -9.561822E+06 -1.945095E+06 7.486249E+06 0.000000E+00
   1.916524E+06 2.365956E+06 0.000000E+00 0.000000E+00 0.000000E+00 4.420645E+06

   3.005955E+01 0.000000E+00 0.000000E+00 0.000000E+00 0.000000E+00 -4.782720E+00
   0.000000E+00 3.005955E+01 0.000000E+00 0.000000E+00 0.000000E+00 7.976286E-01
   0.000000E+00 0.000000E+00 3.005955E+01 4.782720E+00 -7.976286E-01 0.000000E+00
   0.000000E+00 0.000000E+00 4.782720E+00 5.506936E+00 -1.839161E-01 0.000000E+00
   0.000000E+00 0.000000E+00 -7.976286E-01 -1.839161E-01 4.709758E-01 0.000000E+00
   -4.782720E+00 7.976286E-01 0.000000E+00 0.000000E+00 0.000000E+00 5.977912E+00

1.000000
   1.226170E+07 4.394427E+05 0.000000E+00 0.000000E+00 0.000000E+00 1.129011E+06
   4.394427E+05 3.862088E+07 0.000000E+00 0.000000E+00 0.000000E+00 7.085452E+05
   0.000000E+00 0.000000E+00 1.722476E+08 1.185096E+07 -2.500571E+06 0.000000E+00
   0.000000E+00 0.000000E+00 1.185096E+07 1.353571E+07 -3.669077E+05 0.000000E+00
   0.000000E+00 0.000000E+00 -2.500571E+06 -3.669077E+05 1.068096E+06 0.000000E+00
   1.129011E+06 7.085452E+05 0.000000E+00 0.000000E+00 0.000000E+00 9.095520E+05

   1.542816E+01 0.000000E+00 0.000000E+00 0.000000E+00 0.000000E+00 -1.153150E+00
   0.000000E+00 1.542816E+01 0.000000E+00 0.000000E+00 0.000000E+00 2.322503E-01
   0.000000E+00 0.000000E+00 1.542816E+01 1.153150E+00 -2.322503E-01 0.000000E+00
   0.000000E+00 0.000000E+00 1.153150E+00 1.209183E+00 -3.472411E-02 0.000000E+00
   0.000000E+00 0.000000E+00 -2.322503E-01 -3.472411E-02 8.488125E-02 0.000000E+00
   -1.153150E+00 2.322503E-01 0.000000E+00 0.000000E+00 0.000000E+00 1.294064E+00

