------- BEAMDYN V1.00.* INDIVIDUAL BLADE INPUT FILE --------------------------
! Converted by hawc2ToBeamDyn.py from DTU_10MW_RWT_master.htc - Written using hawc2ToBeamDyn.py 
---------------------- BLADE PARAMETERS --------------------------------------
   64  station_total    - Number of blade input stations (-)
    1  damp_type        - Damping type (switch): 0: no damping; 1: viscous damping
---------------------- DAMPING COEFFICIENT------------------------------------
   mu1        mu2        mu3        mu4        mu5        mu6
   (s)        (s)        (s)        (s)        (s)        (s)
 0.015527311521160521 0.009834496998469331 0.0033197624145710827 0.009834496998469331 0.015527311521160521 0.0033197624145710827 
---------------------- DISTRIBUTED PROPERTIES---------------------------------
0.000000
   2.508243E+09 0.000000E+00 0.000000E+00 0.000000E+00 0.000000E+00 0.000000E+00
   0.000000E+00 1.942784E+09 0.000000E+00 0.000000E+00 0.000000E+00 0.000000E+00
   0.000000E+00 0.000000E+00 1.778616E+10 0.000000E+00 -0.000000E+00 0.000000E+00
   0.000000E+00 0.000000E+00 0.000000E+00 6.101151E+10 -0.000000E+00 0.000000E+00
   0.000000E+00 0.000000E+00 -0.000000E+00 -0.000000E+00 6.187247E+10 0.000000E+00
   0.000000E+00 0.000000E+00 0.000000E+00 0.000000E+00 0.000000E+00 2.745579E+10

   1.189511E+03 0.000000E+00 0.000000E+00 0.000000E+00 0.000000E+00 -0.000000E+00
   0.000000E+00 1.189511E+03 0.000000E+00 0.000000E+00 0.000000E+00 0.000000E+00
   0.000000E+00 0.000000E+00 1.189511E+03 0.000000E+00 -0.000000E+00 0.000000E+00
   0.000000E+00 0.000000E+00 0.000000E+00 3.706499E+03 -0.000000E+00 0.000000E+00
   0.000000E+00 0.000000E+00 -0.000000E+00 -0.000000E+00 3.957334E+03 0.000000E+00
   -0.000000E+00 0.000000E+00 0.000000E+00 0.000000E+00 0.000000E+00 7.663832E+03

0.015873
   2.507922E+09 0.000000E+00 0.000000E+00 0.000000E+00 0.000000E+00 -8.444728E+06
   0.000000E+00 1.945395E+09 0.000000E+00 0.000000E+00 0.000000E+00 -1.859548E+07
   0.000000E+00 0.000000E+00 1.782421E+10 1.039563E+08 5.845789E+07 0.000000E+00
   0.000000E+00 0.000000E+00 1.039563E+08 6.108374E+10 3.409444E+05 0.000000E+00
   0.000000E+00 0.000000E+00 5.845789E+07 3.409444E+05 6.207920E+10 0.000000E+00
   -8.444728E+06 -1.859548E+07 0.000000E+00 0.000000E+00 0.000000E+00 2.747110E+10

   1.190961E+03 0.000000E+00 0.000000E+00 0.000000E+00 0.000000E+00 -6.020179E+00
   0.000000E+00 1.190961E+03 0.000000E+00 0.000000E+00 0.000000E+00 -4.291888E+00
   0.000000E+00 0.000000E+00 1.190961E+03 6.020179E+00 4.291888E+00 0.000000E+00
   0.000000E+00 0.000000E+00 6.020179E+00 3.710326E+03 2.169503E-02 0.000000E+00
   0.000000E+00 0.000000E+00 4.291888E+00 2.169503E-02 3.964316E+03 0.000000E+00
   -6.020179E+00 -4.291888E+00 0.000000E+00 0.000000E+00 0.000000E+00 7.674642E+03

0.031746
   2.499172E+09 0.000000E+00 0.000000E+00 0.000000E+00 0.000000E+00 -6.905350E+06
   0.000000E+00 1.957919E+09 0.000000E+00 0.000000E+00 0.000000E+00 -1.788330E+07
   0.000000E+00 0.000000E+00 1.794422E+10 1.117863E+08 6.542713E+07 0.000000E+00
   0.000000E+00 0.000000E+00 1.117863E+08 6.112380E+10 4.075885E+05 0.000000E+00
   0.000000E+00 0.000000E+00 6.542713E+07 4.075885E+05 6.252511E+10 0.000000E+00
   -6.905350E+06 -1.788330E+07 0.000000E+00 0.000000E+00 0.000000E+00 2.741503E+10

   1.196322E+03 0.000000E+00 0.000000E+00 0.000000E+00 0.000000E+00 -9.712181E+00
   0.000000E+00 1.196322E+03 0.000000E+00 0.000000E+00 0.000000E+00 -5.399901E+00
   0.000000E+00 0.000000E+00 1.196322E+03 9.712181E+00 5.399901E+00 0.000000E+00
   0.000000E+00 0.000000E+00 9.712181E+00 3.717567E+03 4.383836E-02 0.000000E+00
   0.000000E+00 0.000000E+00 5.399901E+00 4.383836E-02 3.973791E+03 0.000000E+00
   -9.712181E+00 -5.399901E+00 0.000000E+00 0.000000E+00 0.000000E+00 7.691359E+03

0.047619
   2.455766E+09 0.000000E+00 0.000000E+00 0.000000E+00 0.000000E+00 -6.246001E+06
   0.000000E+00 1.968970E+09 0.000000E+00 0.000000E+00 0.000000E+00 -1.236160E+07
   0.000000E+00 0.000000E+00 1.799047E+10 1.958757E+08 8.758828E+07 0.000000E+00
   0.000000E+00 0.000000E+00 1.958757E+08 6.047230E+10 9.536390E+05 0.000000E+00
   0.000000E+00 0.000000E+00 8.758828E+07 9.536390E+05 6.238089E+10 0.000000E+00
   -6.246001E+06 -1.236160E+07 0.000000E+00 0.000000E+00 0.000000E+00 2.694929E+10

   1.196061E+03 0.000000E+00 0.000000E+00 0.000000E+00 0.000000E+00 -1.862608E+01
   0.000000E+00 1.196061E+03 0.000000E+00 0.000000E+00 0.000000E+00 -7.553377E+00
   0.000000E+00 0.000000E+00 1.196061E+03 1.862608E+01 7.553377E+00 0.000000E+00
   0.000000E+00 0.000000E+00 1.862608E+01 3.693387E+03 1.176276E-01 0.000000E+00
   0.000000E+00 0.000000E+00 7.553377E+00 1.176276E-01 3.934993E+03 0.000000E+00
   -1.862608E+01 -7.553377E+00 0.000000E+00 0.000000E+00 0.000000E+00 7.628380E+03

0.063492
   2.342643E+09 0.000000E+00 0.000000E+00 0.000000E+00 0.000000E+00 1.552812E+06
   0.000000E+00 1.952764E+09 0.000000E+00 0.000000E+00 0.000000E+00 6.823856E+06
   0.000000E+00 0.000000E+00 1.764945E+10 3.824873E+08 1.056531E+08 0.000000E+00
   0.000000E+00 0.000000E+00 3.824873E+08 5.805191E+10 2.289647E+06 0.000000E+00
   0.000000E+00 0.000000E+00 1.056531E+08 2.289647E+06 6.010109E+10 0.000000E+00
   1.552812E+06 6.823856E+06 0.000000E+00 0.000000E+00 0.000000E+00 2.556652E+10

   1.171014E+03 0.000000E+00 0.000000E+00 0.000000E+00 0.000000E+00 -2.693499E+01
   0.000000E+00 1.171014E+03 0.000000E+00 0.000000E+00 0.000000E+00 -8.129207E+00
   0.000000E+00 0.000000E+00 1.171014E+03 2.693499E+01 8.129207E+00 0.000000E+00
   0.000000E+00 0.000000E+00 2.693499E+01 3.576275E+03 1.869834E-01 0.000000E+00
   0.000000E+00 0.000000E+00 8.129207E+00 1.869834E-01 3.761469E+03 0.000000E+00
   -2.693499E+01 -8.129207E+00 0.000000E+00 0.000000E+00 0.000000E+00 7.337744E+03

0.079365
   2.134143E+09 0.000000E+00 0.000000E+00 0.000000E+00 0.000000E+00 3.101232E+07
   0.000000E+00 1.874689E+09 0.000000E+00 0.000000E+00 0.000000E+00 1.047853E+07
   0.000000E+00 0.000000E+00 1.701403E+10 1.533135E+08 1.598555E+08 0.000000E+00
   0.000000E+00 0.000000E+00 1.533135E+08 5.403447E+10 1.440458E+06 0.000000E+00
   0.000000E+00 0.000000E+00 1.598555E+08 1.440458E+06 5.564896E+10 0.000000E+00
   3.101232E+07 1.047853E+07 0.000000E+00 0.000000E+00 0.000000E+00 2.280767E+10

   1.125083E+03 0.000000E+00 0.000000E+00 0.000000E+00 0.000000E+00 -2.390801E+01
   0.000000E+00 1.125083E+03 0.000000E+00 0.000000E+00 0.000000E+00 -1.347358E+01
   0.000000E+00 0.000000E+00 1.125083E+03 2.390801E+01 1.347358E+01 0.000000E+00
   0.000000E+00 0.000000E+00 2.390801E+01 3.354853E+03 2.863134E-01 0.000000E+00
   0.000000E+00 0.000000E+00 1.347358E+01 2.863134E-01 3.433991E+03 0.000000E+00
   -2.390801E+01 -1.347358E+01 0.000000E+00 0.000000E+00 0.000000E+00 6.788844E+03

0.095238
   1.881956E+09 -3.381496E+07 0.000000E+00 0.000000E+00 0.000000E+00 7.290885E+07
   -3.381496E+07 1.827187E+09 0.000000E+00 0.000000E+00 0.000000E+00 2.715045E+07
   0.000000E+00 0.000000E+00 1.631818E+10 2.136687E+08 1.896175E+08 0.000000E+00
   0.000000E+00 0.000000E+00 2.136687E+08 5.110029E+10 -1.359469E+09 0.000000E+00
   0.000000E+00 0.000000E+00 1.896175E+08 -1.359469E+09 4.889378E+10 0.000000E+00
   7.290885E+07 2.715045E+07 0.000000E+00 0.000000E+00 0.000000E+00 1.987434E+10

   1.075311E+03 0.000000E+00 0.000000E+00 0.000000E+00 0.000000E+00 -3.448061E+01
   0.000000E+00 1.075311E+03 0.000000E+00 0.000000E+00 0.000000E+00 -1.773123E+01
   0.000000E+00 0.000000E+00 1.075311E+03 3.448061E+01 1.773123E+01 0.000000E+00
   0.000000E+00 0.000000E+00 3.448061E+01 3.147020E+03 -7.633820E+01 0.000000E+00
   0.000000E+00 0.000000E+00 1.773123E+01 -7.633820E+01 3.021643E+03 0.000000E+00
   -3.448061E+01 -1.773123E+01 0.000000E+00 0.000000E+00 0.000000E+00 6.168663E+03

0.111111
   1.682531E+09 3.997267E+07 0.000000E+00 0.000000E+00 0.000000E+00 1.563294E+08
   3.997267E+07 1.696288E+09 0.000000E+00 0.000000E+00 0.000000E+00 4.830525E+07
   0.000000E+00 0.000000E+00 1.552039E+10 1.764792E+08 2.781323E+08 0.000000E+00
   0.000000E+00 0.000000E+00 1.764792E+08 4.506244E+10 -3.610944E+09 0.000000E+00
   0.000000E+00 0.000000E+00 2.781323E+08 -3.610944E+09 4.382162E+10 0.000000E+00
   1.563294E+08 4.830525E+07 0.000000E+00 0.000000E+00 0.000000E+00 1.661943E+10

   1.020218E+03 0.000000E+00 0.000000E+00 0.000000E+00 0.000000E+00 -4.036921E+01
   0.000000E+00 1.020218E+03 0.000000E+00 0.000000E+00 0.000000E+00 -2.374321E+01
   0.000000E+00 0.000000E+00 1.020218E+03 4.036921E+01 2.374321E+01 0.000000E+00
   0.000000E+00 0.000000E+00 4.036921E+01 2.777827E+03 -1.977609E+02 0.000000E+00
   0.000000E+00 0.000000E+00 2.374321E+01 -1.977609E+02 2.708399E+03 0.000000E+00
   -4.036921E+01 -2.374321E+01 0.000000E+00 0.000000E+00 0.000000E+00 5.486226E+03

0.126984
   1.471049E+09 1.024229E+08 0.000000E+00 0.000000E+00 0.000000E+00 2.626006E+08
   1.024229E+08 1.553461E+09 0.000000E+00 0.000000E+00 0.000000E+00 7.359020E+07
   0.000000E+00 0.000000E+00 1.464707E+10 6.145112E+07 4.257551E+08 0.000000E+00
   0.000000E+00 0.000000E+00 6.145112E+07 4.016112E+10 -3.895605E+09 0.000000E+00
   0.000000E+00 0.000000E+00 4.257551E+08 -3.895605E+09 3.703730E+10 0.000000E+00
   2.626006E+08 7.359020E+07 0.000000E+00 0.000000E+00 0.000000E+00 1.327890E+10

   9.625352E+02 0.000000E+00 0.000000E+00 0.000000E+00 0.000000E+00 -4.267914E+01
   0.000000E+00 9.625352E+02 0.000000E+00 0.000000E+00 0.000000E+00 -3.095022E+01
   0.000000E+00 0.000000E+00 9.625352E+02 4.267914E+01 3.095022E+01 0.000000E+00
   0.000000E+00 0.000000E+00 4.267914E+01 2.491868E+03 -2.366692E+02 0.000000E+00
   0.000000E+00 0.000000E+00 3.095022E+01 -2.366692E+02 2.299437E+03 0.000000E+00
   -4.267914E+01 -3.095022E+01 0.000000E+00 0.000000E+00 0.000000E+00 4.791305E+03

0.142857
   1.244292E+09 1.310393E+08 0.000000E+00 0.000000E+00 0.000000E+00 3.381599E+08
   1.310393E+08 1.449622E+09 0.000000E+00 0.000000E+00 0.000000E+00 1.008922E+08
   0.000000E+00 0.000000E+00 1.387200E+10 3.483893E+08 5.969990E+08 0.000000E+00
   0.000000E+00 0.000000E+00 3.483893E+08 3.619525E+10 -3.704579E+09 0.000000E+00
   0.000000E+00 0.000000E+00 5.969990E+08 -3.704579E+09 3.038387E+10 0.000000E+00
   3.381599E+08 1.008922E+08 0.000000E+00 0.000000E+00 0.000000E+00 1.027660E+10

   9.101954E+02 0.000000E+00 0.000000E+00 0.000000E+00 0.000000E+00 -6.630544E+01
   0.000000E+00 9.101954E+02 0.000000E+00 0.000000E+00 0.000000E+00 -3.797125E+01
   0.000000E+00 0.000000E+00 9.101954E+02 6.630544E+01 3.797125E+01 0.000000E+00
   0.000000E+00 0.000000E+00 6.630544E+01 2.301252E+03 -2.632623E+02 0.000000E+00
   0.000000E+00 0.000000E+00 3.797125E+01 -2.632623E+02 1.881157E+03 0.000000E+00
   -6.630544E+01 -3.797125E+01 0.000000E+00 0.000000E+00 0.000000E+00 4.182409E+03

0.158730
   1.082111E+09 1.411843E+08 0.000000E+00 0.000000E+00 0.000000E+00 4.192422E+08
   1.411843E+08 1.407284E+09 0.000000E+00 0.000000E+00 0.000000E+00 8.730359E+07
   0.000000E+00 0.000000E+00 1.339034E+10 3.422716E+08 7.340873E+08 0.000000E+00
   0.000000E+00 0.000000E+00 3.422716E+08 3.338286E+10 -3.496696E+09 0.000000E+00
   0.000000E+00 0.000000E+00 7.340873E+08 -3.496696E+09 2.531760E+10 0.000000E+00
   4.192422E+08 8.730359E+07 0.000000E+00 0.000000E+00 0.000000E+00 8.200430E+09

   8.779935E+02 0.000000E+00 0.000000E+00 0.000000E+00 0.000000E+00 -7.001180E+01
   0.000000E+00 8.779935E+02 0.000000E+00 0.000000E+00 0.000000E+00 -4.402235E+01
   0.000000E+00 0.000000E+00 8.779935E+02 7.001180E+01 4.402235E+01 0.000000E+00
   0.000000E+00 0.000000E+00 7.001180E+01 2.187020E+03 -2.736541E+02 0.000000E+00
   0.000000E+00 0.000000E+00 4.402235E+01 -2.736541E+02 1.545283E+03 0.000000E+00
   -7.001180E+01 -4.402235E+01 0.000000E+00 0.000000E+00 0.000000E+00 3.732303E+03

0.174603
   9.486720E+08 1.443544E+08 0.000000E+00 0.000000E+00 0.000000E+00 4.589597E+08
   1.443544E+08 1.418828E+09 0.000000E+00 0.000000E+00 0.000000E+00 8.583099E+07
   0.000000E+00 0.000000E+00 1.301224E+10 4.274404E+08 8.122498E+08 0.000000E+00
   0.000000E+00 0.000000E+00 4.274404E+08 3.153059E+10 -3.148529E+09 0.000000E+00
   0.000000E+00 0.000000E+00 8.122498E+08 -3.148529E+09 2.122574E+10 0.000000E+00
   4.589597E+08 8.583099E+07 0.000000E+00 0.000000E+00 0.000000E+00 6.714119E+09

   8.530440E+02 0.000000E+00 0.000000E+00 0.000000E+00 0.000000E+00 -8.054224E+01
   0.000000E+00 8.530440E+02 0.000000E+00 0.000000E+00 0.000000E+00 -4.720727E+01
   0.000000E+00 0.000000E+00 8.530440E+02 8.054224E+01 4.720727E+01 0.000000E+00
   0.000000E+00 0.000000E+00 8.054224E+01 2.124574E+03 -2.553552E+02 0.000000E+00
   0.000000E+00 0.000000E+00 4.720727E+01 -2.553552E+02 1.273385E+03 0.000000E+00
   -8.054224E+01 -4.720727E+01 0.000000E+00 0.000000E+00 0.000000E+00 3.397959E+03

0.190476
   8.353317E+08 1.224626E+08 0.000000E+00 0.000000E+00 0.000000E+00 4.433934E+08
   1.224626E+08 1.342591E+09 0.000000E+00 0.000000E+00 0.000000E+00 7.473297E+07
   0.000000E+00 0.000000E+00 1.238313E+10 5.322360E+08 8.619635E+08 0.000000E+00
   0.000000E+00 0.000000E+00 5.322360E+08 2.932678E+10 -2.723070E+09 0.000000E+00
   0.000000E+00 0.000000E+00 8.619635E+08 -2.723070E+09 1.793107E+10 0.000000E+00
   4.433934E+08 7.473297E+07 0.000000E+00 0.000000E+00 0.000000E+00 5.398570E+09

   8.159014E+02 0.000000E+00 0.000000E+00 0.000000E+00 0.000000E+00 -9.924106E+01
   0.000000E+00 8.159014E+02 0.000000E+00 0.000000E+00 0.000000E+00 -4.959849E+01
   0.000000E+00 0.000000E+00 8.159014E+02 9.924106E+01 4.959849E+01 0.000000E+00
   0.000000E+00 0.000000E+00 9.924106E+01 2.038539E+03 -2.274041E+02 0.000000E+00
   0.000000E+00 0.000000E+00 4.959849E+01 -2.274041E+02 1.062551E+03 0.000000E+00
   -9.924106E+01 -4.959849E+01 0.000000E+00 0.000000E+00 0.000000E+00 3.101091E+03

0.206349
   7.400343E+08 9.461902E+07 0.000000E+00 0.000000E+00 0.000000E+00 4.029412E+08
   9.461902E+07 1.216828E+09 0.000000E+00 0.000000E+00 0.000000E+00 5.935466E+07
   0.000000E+00 0.000000E+00 1.163720E+10 6.699520E+08 8.879428E+08 0.000000E+00
   0.000000E+00 0.000000E+00 6.699520E+08 2.693913E+10 -2.294475E+09 0.000000E+00
   0.000000E+00 0.000000E+00 8.879428E+08 -2.294475E+09 1.514865E+10 0.000000E+00
   4.029412E+08 5.935466E+07 0.000000E+00 0.000000E+00 0.000000E+00 4.220719E+09

   7.723514E+02 0.000000E+00 0.000000E+00 0.000000E+00 0.000000E+00 -1.220222E+02
   0.000000E+00 7.723514E+02 0.000000E+00 0.000000E+00 0.000000E+00 -5.105093E+01
   0.000000E+00 0.000000E+00 7.723514E+02 1.220222E+02 5.105093E+01 0.000000E+00
   0.000000E+00 0.000000E+00 1.220222E+02 1.938953E+03 -1.971588E+02 0.000000E+00
   0.000000E+00 0.000000E+00 5.105093E+01 -1.971588E+02 8.889060E+02 0.000000E+00
   -1.220222E+02 -5.105093E+01 0.000000E+00 0.000000E+00 0.000000E+00 2.827859E+03

0.222222
   6.970248E+08 6.908941E+07 0.000000E+00 0.000000E+00 0.000000E+00 3.385716E+08
   6.908941E+07 1.114401E+09 0.000000E+00 0.000000E+00 0.000000E+00 5.320111E+07
   0.000000E+00 0.000000E+00 1.110327E+10 7.410678E+08 8.239388E+08 0.000000E+00
   0.000000E+00 0.000000E+00 7.410678E+08 2.539936E+10 -1.945154E+09 0.000000E+00
   0.000000E+00 0.000000E+00 8.239388E+08 -1.945154E+09 1.332796E+10 0.000000E+00
   3.385716E+08 5.320111E+07 0.000000E+00 0.000000E+00 0.000000E+00 3.611051E+09

   7.412280E+02 0.000000E+00 0.000000E+00 0.000000E+00 0.000000E+00 -1.393929E+02
   0.000000E+00 7.412280E+02 0.000000E+00 0.000000E+00 0.000000E+00 -4.794065E+01
   0.000000E+00 0.000000E+00 7.412280E+02 1.393929E+02 4.794065E+01 0.000000E+00
   0.000000E+00 0.000000E+00 1.393929E+02 1.889297E+03 -1.715763E+02 0.000000E+00
   0.000000E+00 0.000000E+00 4.794065E+01 -1.715763E+02 7.752115E+02 0.000000E+00
   -1.393929E+02 -4.794065E+01 0.000000E+00 0.000000E+00 0.000000E+00 2.664509E+03

0.238095
   6.448463E+08 5.019781E+07 0.000000E+00 0.000000E+00 0.000000E+00 3.102527E+08
   5.019781E+07 9.925858E+08 0.000000E+00 0.000000E+00 0.000000E+00 4.276217E+07
   0.000000E+00 0.000000E+00 1.052215E+10 7.131034E+08 7.551853E+08 0.000000E+00
   0.000000E+00 0.000000E+00 7.131034E+08 2.357176E+10 -1.659166E+09 0.000000E+00
   0.000000E+00 0.000000E+00 7.551853E+08 -1.659166E+09 1.172941E+10 0.000000E+00
   3.102527E+08 4.276217E+07 0.000000E+00 0.000000E+00 0.000000E+00 3.028285E+09

   7.065368E+02 0.000000E+00 0.000000E+00 0.000000E+00 0.000000E+00 -1.429980E+02
   0.000000E+00 7.065368E+02 0.000000E+00 0.000000E+00 0.000000E+00 -4.474004E+01
   0.000000E+00 0.000000E+00 7.065368E+02 1.429980E+02 4.474004E+01 0.000000E+00
   0.000000E+00 0.000000E+00 1.429980E+02 1.795536E+03 -1.484217E+02 0.000000E+00
   0.000000E+00 0.000000E+00 4.474004E+01 -1.484217E+02 6.785251E+02 0.000000E+00
   -1.429980E+02 -4.474004E+01 0.000000E+00 0.000000E+00 0.000000E+00 2.474061E+03

0.253968
   5.999063E+08 3.630726E+07 0.000000E+00 0.000000E+00 0.000000E+00 2.932621E+08
   3.630726E+07 8.807459E+08 0.000000E+00 0.000000E+00 0.000000E+00 3.224619E+07
   0.000000E+00 0.000000E+00 9.992962E+09 5.841005E+08 6.959949E+08 0.000000E+00
   0.000000E+00 0.000000E+00 5.841005E+08 2.174059E+10 -1.430915E+09 0.000000E+00
   0.000000E+00 0.000000E+00 6.959949E+08 -1.430915E+09 1.037200E+10 0.000000E+00
   2.932621E+08 3.224619E+07 0.000000E+00 0.000000E+00 0.000000E+00 2.544872E+09

   6.748514E+02 0.000000E+00 0.000000E+00 0.000000E+00 0.000000E+00 -1.397794E+02
   0.000000E+00 6.748514E+02 0.000000E+00 0.000000E+00 0.000000E+00 -4.199492E+01
   0.000000E+00 0.000000E+00 6.748514E+02 1.397794E+02 4.199492E+01 0.000000E+00
   0.000000E+00 0.000000E+00 1.397794E+02 1.697283E+03 -1.299887E+02 0.000000E+00
   0.000000E+00 0.000000E+00 4.199492E+01 -1.299887E+02 5.981895E+02 0.000000E+00
   -1.397794E+02 -4.199492E+01 0.000000E+00 0.000000E+00 0.000000E+00 2.295473E+03

0.269841
   5.648628E+08 2.615512E+07 0.000000E+00 0.000000E+00 0.000000E+00 2.829973E+08
   2.615512E+07 7.871885E+08 0.000000E+00 0.000000E+00 0.000000E+00 2.327281E+07
   0.000000E+00 0.000000E+00 9.542933E+09 3.622877E+08 6.530964E+08 0.000000E+00
   0.000000E+00 0.000000E+00 3.622877E+08 2.005173E+10 -1.251681E+09 0.000000E+00
   0.000000E+00 0.000000E+00 6.530964E+08 -1.251681E+09 9.232289E+09 0.000000E+00
   2.829973E+08 2.327281E+07 0.000000E+00 0.000000E+00 0.000000E+00 2.168725E+09

   6.478278E+02 0.000000E+00 0.000000E+00 0.000000E+00 0.000000E+00 -1.301740E+02
   0.000000E+00 6.478278E+02 0.000000E+00 0.000000E+00 0.000000E+00 -4.004210E+01
   0.000000E+00 0.000000E+00 6.478278E+02 1.301740E+02 4.004210E+01 0.000000E+00
   0.000000E+00 0.000000E+00 1.301740E+02 1.603737E+03 -1.153116E+02 0.000000E+00
   0.000000E+00 0.000000E+00 4.004210E+01 -1.153116E+02 5.314816E+02 0.000000E+00
   -1.301740E+02 -4.004210E+01 0.000000E+00 0.000000E+00 0.000000E+00 2.135219E+03

0.285714
   5.373335E+08 1.868699E+07 0.000000E+00 0.000000E+00 0.000000E+00 2.708940E+08
   1.868699E+07 7.117581E+08 0.000000E+00 0.000000E+00 0.000000E+00 1.576092E+07
   0.000000E+00 0.000000E+00 9.167942E+09 2.484635E+08 6.261742E+08 0.000000E+00
   0.000000E+00 0.000000E+00 2.484635E+08 1.865899E+10 -1.101601E+09 0.000000E+00
   0.000000E+00 0.000000E+00 6.261742E+08 -1.101601E+09 8.254273E+09 0.000000E+00
   2.708940E+08 1.576092E+07 0.000000E+00 0.000000E+00 0.000000E+00 1.868481E+09

   6.246972E+02 0.000000E+00 0.000000E+00 0.000000E+00 0.000000E+00 -1.248342E+02
   0.000000E+00 6.246972E+02 0.000000E+00 0.000000E+00 0.000000E+00 -3.882557E+01
   0.000000E+00 0.000000E+00 6.246972E+02 1.248342E+02 3.882557E+01 0.000000E+00
   0.000000E+00 0.000000E+00 1.248342E+02 1.519778E+03 -1.018159E+02 0.000000E+00
   0.000000E+00 0.000000E+00 3.882557E+01 -1.018159E+02 4.744757E+02 0.000000E+00
   -1.248342E+02 -3.882557E+01 0.000000E+00 0.000000E+00 0.000000E+00 1.994254E+03

0.301587
   5.085734E+08 1.085597E+07 0.000000E+00 0.000000E+00 0.000000E+00 2.564006E+08
   1.085597E+07 6.293124E+08 0.000000E+00 0.000000E+00 0.000000E+00 5.428773E+06
   0.000000E+00 0.000000E+00 8.792530E+09 5.858991E+08 6.104809E+08 0.000000E+00
   0.000000E+00 0.000000E+00 5.858991E+08 1.870375E+10 -9.911878E+08 0.000000E+00
   0.000000E+00 0.000000E+00 6.104809E+08 -9.911878E+08 7.230767E+09 0.000000E+00
   2.564006E+08 5.428773E+06 0.000000E+00 0.000000E+00 0.000000E+00 1.602989E+09

   5.988626E+02 0.000000E+00 0.000000E+00 0.000000E+00 0.000000E+00 -1.367723E+02
   0.000000E+00 5.988626E+02 0.000000E+00 0.000000E+00 0.000000E+00 -3.790476E+01
   0.000000E+00 0.000000E+00 5.988626E+02 1.367723E+02 3.790476E+01 0.000000E+00
   0.000000E+00 0.000000E+00 1.367723E+02 1.484120E+03 -8.494433E+01 0.000000E+00
   0.000000E+00 0.000000E+00 3.790476E+01 -8.494433E+01 4.142583E+02 0.000000E+00
   -1.367723E+02 -3.790476E+01 0.000000E+00 0.000000E+00 0.000000E+00 1.898378E+03

0.317460
   4.927116E+08 9.247640E+06 0.000000E+00 0.000000E+00 0.000000E+00 2.391230E+08
   9.247640E+06 6.052426E+08 0.000000E+00 0.000000E+00 0.000000E+00 -1.015292E+06
   0.000000E+00 0.000000E+00 8.616133E+09 6.805132E+08 6.248498E+08 0.000000E+00
   0.000000E+00 0.000000E+00 6.805132E+08 1.805299E+10 -8.981164E+08 0.000000E+00
   0.000000E+00 0.000000E+00 6.248498E+08 -8.981164E+08 6.515189E+09 0.000000E+00
   2.391230E+08 -1.015292E+06 0.000000E+00 0.000000E+00 0.000000E+00 1.425288E+09

   5.856215E+02 0.000000E+00 0.000000E+00 0.000000E+00 0.000000E+00 -1.417267E+02
   0.000000E+00 5.856215E+02 0.000000E+00 0.000000E+00 0.000000E+00 -3.882584E+01
   0.000000E+00 0.000000E+00 5.856215E+02 1.417267E+02 3.882584E+01 0.000000E+00
   0.000000E+00 0.000000E+00 1.417267E+02 1.426895E+03 -7.466618E+01 0.000000E+00
   0.000000E+00 0.000000E+00 3.882584E+01 -7.466618E+01 3.722459E+02 0.000000E+00
   -1.417267E+02 -3.882584E+01 0.000000E+00 0.000000E+00 0.000000E+00 1.799141E+03

0.333333
   4.781581E+08 8.661029E+06 0.000000E+00 0.000000E+00 0.000000E+00 2.281672E+08
   8.661029E+06 5.896909E+08 0.000000E+00 0.000000E+00 0.000000E+00 -5.605264E+06
   0.000000E+00 0.000000E+00 8.485360E+09 6.394822E+08 6.379145E+08 0.000000E+00
   0.000000E+00 0.000000E+00 6.394822E+08 1.716612E+10 -8.251969E+08 0.000000E+00
   0.000000E+00 0.000000E+00 6.379145E+08 -8.251969E+08 5.920282E+09 0.000000E+00
   2.281672E+08 -5.605264E+06 0.000000E+00 0.000000E+00 0.000000E+00 1.287907E+09

   5.748206E+02 0.000000E+00 0.000000E+00 0.000000E+00 0.000000E+00 -1.383852E+02
   0.000000E+00 5.748206E+02 0.000000E+00 0.000000E+00 0.000000E+00 -3.954385E+01
   0.000000E+00 0.000000E+00 5.748206E+02 1.383852E+02 3.954385E+01 0.000000E+00
   0.000000E+00 0.000000E+00 1.383852E+02 1.357736E+03 -6.735673E+01 0.000000E+00
   0.000000E+00 0.000000E+00 3.954385E+01 -6.735673E+01 3.371570E+02 0.000000E+00
   -1.383852E+02 -3.954385E+01 0.000000E+00 0.000000E+00 0.000000E+00 1.694893E+03

0.349206
   4.621420E+08 8.165101E+06 0.000000E+00 0.000000E+00 0.000000E+00 2.188774E+08
   8.165101E+06 5.721795E+08 0.000000E+00 0.000000E+00 0.000000E+00 -8.874433E+06
   0.000000E+00 0.000000E+00 8.346265E+09 5.704459E+08 6.410612E+08 0.000000E+00
   0.000000E+00 0.000000E+00 5.704459E+08 1.619412E+10 -7.590401E+08 0.000000E+00
   0.000000E+00 0.000000E+00 6.410612E+08 -7.590401E+08 5.384657E+09 0.000000E+00
   2.188774E+08 -8.874433E+06 0.000000E+00 0.000000E+00 0.000000E+00 1.167542E+09

   5.624341E+02 0.000000E+00 0.000000E+00 0.000000E+00 0.000000E+00 -1.332264E+02
   0.000000E+00 5.624341E+02 0.000000E+00 0.000000E+00 0.000000E+00 -3.949417E+01
   0.000000E+00 0.000000E+00 5.624341E+02 1.332264E+02 3.949417E+01 0.000000E+00
   0.000000E+00 0.000000E+00 1.332264E+02 1.281559E+03 -6.094686E+01 0.000000E+00
   0.000000E+00 0.000000E+00 3.949417E+01 -6.094686E+01 3.053454E+02 0.000000E+00
   -1.332264E+02 -3.949417E+01 0.000000E+00 0.000000E+00 0.000000E+00 1.586904E+03

0.365079
   4.462156E+08 8.488595E+06 0.000000E+00 0.000000E+00 0.000000E+00 2.045605E+08
   8.488595E+06 5.639623E+08 0.000000E+00 0.000000E+00 0.000000E+00 -1.086068E+07
   0.000000E+00 0.000000E+00 8.191059E+09 4.740446E+08 6.285920E+08 0.000000E+00
   0.000000E+00 0.000000E+00 4.740446E+08 1.501349E+10 -6.944868E+08 0.000000E+00
   0.000000E+00 0.000000E+00 6.285920E+08 -6.944868E+08 4.896339E+09 0.000000E+00
   2.045605E+08 -1.086068E+07 0.000000E+00 0.000000E+00 0.000000E+00 1.055497E+09

   5.481559E+02 0.000000E+00 0.000000E+00 0.000000E+00 0.000000E+00 -1.301177E+02
   0.000000E+00 5.481559E+02 0.000000E+00 0.000000E+00 0.000000E+00 -3.835145E+01
   0.000000E+00 0.000000E+00 5.481559E+02 1.301177E+02 3.835145E+01 0.000000E+00
   0.000000E+00 0.000000E+00 1.301177E+02 1.198143E+03 -5.529975E+01 0.000000E+00
   0.000000E+00 0.000000E+00 3.835145E+01 -5.529975E+01 2.765906E+02 0.000000E+00
   -1.301177E+02 -3.835145E+01 0.000000E+00 0.000000E+00 0.000000E+00 1.474734E+03

0.380952
   4.257454E+08 8.075331E+06 0.000000E+00 0.000000E+00 0.000000E+00 1.923553E+08
   8.075331E+06 5.417807E+08 0.000000E+00 0.000000E+00 0.000000E+00 -9.988615E+06
   0.000000E+00 0.000000E+00 8.001669E+09 3.289865E+08 5.933306E+08 0.000000E+00
   0.000000E+00 0.000000E+00 3.289865E+08 1.381176E+10 -6.286150E+08 0.000000E+00
   0.000000E+00 0.000000E+00 5.933306E+08 -6.286150E+08 4.459054E+09 0.000000E+00
   1.923553E+08 -9.988615E+06 0.000000E+00 0.000000E+00 0.000000E+00 9.466272E+08

   5.334058E+02 0.000000E+00 0.000000E+00 0.000000E+00 0.000000E+00 -1.190974E+02
   0.000000E+00 5.334058E+02 0.000000E+00 0.000000E+00 0.000000E+00 -3.588656E+01
   0.000000E+00 0.000000E+00 5.334058E+02 1.190974E+02 3.588656E+01 0.000000E+00
   0.000000E+00 0.000000E+00 1.190974E+02 1.109107E+03 -5.003807E+01 0.000000E+00
   0.000000E+00 0.000000E+00 3.588656E+01 -5.003807E+01 2.507915E+02 0.000000E+00
   -1.190974E+02 -3.588656E+01 0.000000E+00 0.000000E+00 0.000000E+00 1.359898E+03

0.396825
   4.082366E+08 8.067777E+06 0.000000E+00 0.000000E+00 0.000000E+00 1.801632E+08
   8.067777E+06 5.303627E+08 0.000000E+00 0.000000E+00 0.000000E+00 -8.576737E+06
   0.000000E+00 0.000000E+00 7.850563E+09 2.759808E+08 5.529327E+08 0.000000E+00
   0.000000E+00 0.000000E+00 2.759808E+08 1.287922E+10 -5.644343E+08 0.000000E+00
   0.000000E+00 0.000000E+00 5.529327E+08 -5.644343E+08 4.070082E+09 0.000000E+00
   1.801632E+08 -8.576737E+06 0.000000E+00 0.000000E+00 0.000000E+00 8.624421E+08

   5.182103E+02 0.000000E+00 0.000000E+00 0.000000E+00 0.000000E+00 -1.109466E+02
   0.000000E+00 5.182103E+02 0.000000E+00 0.000000E+00 0.000000E+00 -3.296808E+01
   0.000000E+00 0.000000E+00 5.182103E+02 1.109466E+02 3.296808E+01 0.000000E+00
   0.000000E+00 0.000000E+00 1.109466E+02 1.029624E+03 -4.453289E+01 0.000000E+00
   0.000000E+00 0.000000E+00 3.296808E+01 -4.453289E+01 2.270057E+02 0.000000E+00
   -1.109466E+02 -3.296808E+01 0.000000E+00 0.000000E+00 0.000000E+00 1.256630E+03

0.412698
   3.904895E+08 8.047339E+06 0.000000E+00 0.000000E+00 0.000000E+00 1.696615E+08
   8.047339E+06 5.202586E+08 0.000000E+00 0.000000E+00 0.000000E+00 -6.179538E+06
   0.000000E+00 0.000000E+00 7.684076E+09 2.217960E+08 5.000933E+08 0.000000E+00
   0.000000E+00 0.000000E+00 2.217960E+08 1.203854E+10 -5.051204E+08 0.000000E+00
   0.000000E+00 0.000000E+00 5.000933E+08 -5.051204E+08 3.686482E+09 0.000000E+00
   1.696615E+08 -6.179538E+06 0.000000E+00 0.000000E+00 0.000000E+00 7.838277E+08

   5.042914E+02 0.000000E+00 0.000000E+00 0.000000E+00 0.000000E+00 -1.028034E+02
   0.000000E+00 5.042914E+02 0.000000E+00 0.000000E+00 0.000000E+00 -2.942951E+01
   0.000000E+00 0.000000E+00 5.042914E+02 1.028034E+02 2.942951E+01 0.000000E+00
   0.000000E+00 0.000000E+00 1.028034E+02 9.590059E+02 -3.955979E+01 0.000000E+00
   0.000000E+00 0.000000E+00 2.942951E+01 -3.955979E+01 2.050908E+02 0.000000E+00
   -1.028034E+02 -2.942951E+01 0.000000E+00 0.000000E+00 0.000000E+00 1.164097E+03

0.428571
   3.733567E+08 7.743960E+06 0.000000E+00 0.000000E+00 0.000000E+00 1.581807E+08
   7.743960E+06 5.070397E+08 0.000000E+00 0.000000E+00 0.000000E+00 -3.583790E+06
   0.000000E+00 0.000000E+00 7.514817E+09 2.119298E+08 4.463106E+08 0.000000E+00
   0.000000E+00 0.000000E+00 2.119298E+08 1.127333E+10 -4.485600E+08 0.000000E+00
   0.000000E+00 0.000000E+00 4.463106E+08 -4.485600E+08 3.333140E+09 0.000000E+00
   1.581807E+08 -3.583790E+06 0.000000E+00 0.000000E+00 0.000000E+00 7.065623E+08

   4.916129E+02 0.000000E+00 0.000000E+00 0.000000E+00 0.000000E+00 -9.833066E+01
   0.000000E+00 4.916129E+02 0.000000E+00 0.000000E+00 0.000000E+00 -2.592669E+01
   0.000000E+00 0.000000E+00 4.916129E+02 9.833066E+01 2.592669E+01 0.000000E+00
   0.000000E+00 0.000000E+00 9.833066E+01 8.950672E+02 -3.488718E+01 0.000000E+00
   0.000000E+00 0.000000E+00 2.592669E+01 -3.488718E+01 1.849924E+02 0.000000E+00
   -9.833066E+01 -2.592669E+01 0.000000E+00 0.000000E+00 0.000000E+00 1.080060E+03

0.444444
   3.573755E+08 6.916905E+06 0.000000E+00 0.000000E+00 0.000000E+00 1.493814E+08
   6.916905E+06 4.847398E+08 0.000000E+00 0.000000E+00 0.000000E+00 -1.024875E+06
   0.000000E+00 0.000000E+00 7.334135E+09 1.809832E+08 3.935262E+08 0.000000E+00
   0.000000E+00 0.000000E+00 1.809832E+08 1.045148E+10 -3.953627E+08 0.000000E+00
   0.000000E+00 0.000000E+00 3.935262E+08 -3.953627E+08 3.009313E+09 0.000000E+00
   1.493814E+08 -1.024875E+06 0.000000E+00 0.000000E+00 0.000000E+00 6.355947E+08

   4.779898E+02 0.000000E+00 0.000000E+00 0.000000E+00 0.000000E+00 -9.143096E+01
   0.000000E+00 4.779898E+02 0.000000E+00 0.000000E+00 0.000000E+00 -2.251133E+01
   0.000000E+00 0.000000E+00 4.779898E+02 9.143096E+01 2.251133E+01 0.000000E+00
   0.000000E+00 0.000000E+00 9.143096E+01 8.269879E+02 -3.066522E+01 0.000000E+00
   0.000000E+00 0.000000E+00 2.251133E+01 -3.066522E+01 1.666167E+02 0.000000E+00
   -9.143096E+01 -2.251133E+01 0.000000E+00 0.000000E+00 0.000000E+00 9.936045E+02

0.460317
   3.416018E+08 6.767894E+06 0.000000E+00 0.000000E+00 0.000000E+00 1.368863E+08
   6.767894E+06 4.736651E+08 0.000000E+00 0.000000E+00 0.000000E+00 1.258661E+06
   0.000000E+00 0.000000E+00 7.151817E+09 1.759846E+08 3.408919E+08 0.000000E+00
   0.000000E+00 0.000000E+00 1.759846E+08 9.645373E+09 -3.471908E+08 0.000000E+00
   0.000000E+00 0.000000E+00 3.408919E+08 -3.471908E+08 2.718803E+09 0.000000E+00
   1.368863E+08 1.258661E+06 0.000000E+00 0.000000E+00 0.000000E+00 5.710572E+08

   4.641393E+02 0.000000E+00 0.000000E+00 0.000000E+00 0.000000E+00 -8.961530E+01
   0.000000E+00 4.641393E+02 0.000000E+00 0.000000E+00 0.000000E+00 -1.909760E+01
   0.000000E+00 0.000000E+00 4.641393E+02 8.961530E+01 1.909760E+01 0.000000E+00
   0.000000E+00 0.000000E+00 8.961530E+01 7.681558E+02 -2.715145E+01 0.000000E+00
   0.000000E+00 0.000000E+00 1.909760E+01 -2.715145E+01 1.498753E+02 0.000000E+00
   -8.961530E+01 -1.909760E+01 0.000000E+00 0.000000E+00 0.000000E+00 9.180311E+02

0.476190
   3.239741E+08 6.712834E+06 0.000000E+00 0.000000E+00 0.000000E+00 1.263419E+08
   6.712834E+06 4.639365E+08 0.000000E+00 0.000000E+00 0.000000E+00 3.818415E+06
   0.000000E+00 0.000000E+00 6.954528E+09 1.459691E+08 2.871617E+08 0.000000E+00
   0.000000E+00 0.000000E+00 1.459691E+08 8.872971E+09 -3.024402E+08 0.000000E+00
   0.000000E+00 0.000000E+00 2.871617E+08 -3.024402E+08 2.450225E+09 0.000000E+00
   1.263419E+08 3.818415E+06 0.000000E+00 0.000000E+00 0.000000E+00 5.160317E+08

   4.492528E+02 0.000000E+00 0.000000E+00 0.000000E+00 0.000000E+00 -8.540020E+01
   0.000000E+00 4.492528E+02 0.000000E+00 0.000000E+00 0.000000E+00 -1.567643E+01
   0.000000E+00 0.000000E+00 4.492528E+02 8.540020E+01 1.567643E+01 0.000000E+00
   0.000000E+00 0.000000E+00 8.540020E+01 7.061399E+02 -2.368509E+01 0.000000E+00
   0.000000E+00 0.000000E+00 1.567643E+01 -2.368509E+01 1.344865E+02 0.000000E+00
   -8.540020E+01 -1.567643E+01 0.000000E+00 0.000000E+00 0.000000E+00 8.406264E+02

0.492063
   3.086040E+08 6.492637E+06 0.000000E+00 0.000000E+00 0.000000E+00 1.178209E+08
   6.492637E+06 4.540428E+08 0.000000E+00 0.000000E+00 0.000000E+00 6.205271E+06
   0.000000E+00 0.000000E+00 6.761959E+09 1.213510E+08 2.354889E+08 0.000000E+00
   0.000000E+00 0.000000E+00 1.213510E+08 8.174598E+09 -2.625811E+08 0.000000E+00
   0.000000E+00 0.000000E+00 2.354889E+08 -2.625811E+08 2.203987E+09 0.000000E+00
   1.178209E+08 6.205271E+06 0.000000E+00 0.000000E+00 0.000000E+00 4.677044E+08

   4.351469E+02 0.000000E+00 0.000000E+00 0.000000E+00 0.000000E+00 -8.130536E+01
   0.000000E+00 4.351469E+02 0.000000E+00 0.000000E+00 0.000000E+00 -1.242700E+01
   0.000000E+00 0.000000E+00 4.351469E+02 8.130536E+01 1.242700E+01 0.000000E+00
   0.000000E+00 0.000000E+00 8.130536E+01 6.511286E+02 -2.069796E+01 0.000000E+00
   0.000000E+00 0.000000E+00 1.242700E+01 -2.069796E+01 1.206332E+02 0.000000E+00
   -8.130536E+01 -1.242700E+01 0.000000E+00 0.000000E+00 0.000000E+00 7.717618E+02

0.507937
   2.958845E+08 6.033775E+06 0.000000E+00 0.000000E+00 0.000000E+00 1.103468E+08
   6.033775E+06 4.408007E+08 0.000000E+00 0.000000E+00 0.000000E+00 8.219509E+06
   0.000000E+00 0.000000E+00 6.564811E+09 9.275905E+07 1.879384E+08 0.000000E+00
   0.000000E+00 0.000000E+00 9.275905E+07 7.494723E+09 -2.271083E+08 0.000000E+00
   0.000000E+00 0.000000E+00 1.879384E+08 -2.271083E+08 1.980439E+09 0.000000E+00
   1.103468E+08 8.219509E+06 0.000000E+00 0.000000E+00 0.000000E+00 4.227440E+08

   4.206181E+02 0.000000E+00 0.000000E+00 0.000000E+00 0.000000E+00 -7.575934E+01
   0.000000E+00 4.206181E+02 0.000000E+00 0.000000E+00 0.000000E+00 -9.475754E+00
   0.000000E+00 0.000000E+00 4.206181E+02 7.575934E+01 9.475754E+00 0.000000E+00
   0.000000E+00 0.000000E+00 7.575934E+01 5.970432E+02 -1.809212E+01 0.000000E+00
   0.000000E+00 0.000000E+00 9.475754E+00 -1.809212E+01 1.080927E+02 0.000000E+00
   -7.575934E+01 -9.475754E+00 0.000000E+00 0.000000E+00 0.000000E+00 7.051359E+02

0.523810
   2.826974E+08 5.337595E+06 0.000000E+00 0.000000E+00 0.000000E+00 1.024438E+08
   5.337595E+06 4.179358E+08 0.000000E+00 0.000000E+00 0.000000E+00 9.853613E+06
   0.000000E+00 0.000000E+00 6.311284E+09 8.930480E+06 1.447908E+08 0.000000E+00
   0.000000E+00 0.000000E+00 8.930480E+06 6.647006E+09 -1.924104E+08 0.000000E+00
   0.000000E+00 0.000000E+00 1.447908E+08 -1.924104E+08 1.770032E+09 0.000000E+00
   1.024438E+08 9.853613E+06 0.000000E+00 0.000000E+00 0.000000E+00 3.756533E+08

   4.016059E+02 0.000000E+00 0.000000E+00 0.000000E+00 0.000000E+00 -6.321742E+01
   0.000000E+00 4.016059E+02 0.000000E+00 0.000000E+00 0.000000E+00 -6.897020E+00
   0.000000E+00 0.000000E+00 4.016059E+02 6.321742E+01 6.897020E+00 0.000000E+00
   0.000000E+00 0.000000E+00 6.321742E+01 5.264433E+02 -1.549990E+01 0.000000E+00
   0.000000E+00 0.000000E+00 6.897020E+00 -1.549990E+01 9.638276E+01 0.000000E+00
   -6.321742E+01 -6.897020E+00 0.000000E+00 0.000000E+00 0.000000E+00 6.228261E+02

0.539683
   2.678304E+08 5.115379E+06 0.000000E+00 0.000000E+00 0.000000E+00 9.450145E+07
   5.115379E+06 4.076841E+08 0.000000E+00 0.000000E+00 0.000000E+00 1.135566E+07
   0.000000E+00 0.000000E+00 6.112260E+09 1.599008E+07 1.057053E+08 0.000000E+00
   0.000000E+00 0.000000E+00 1.599008E+07 6.111620E+09 -1.651559E+08 0.000000E+00
   0.000000E+00 0.000000E+00 1.057053E+08 -1.651559E+08 1.590508E+09 0.000000E+00
   9.450145E+07 1.135566E+07 0.000000E+00 0.000000E+00 0.000000E+00 3.394314E+08

   3.886486E+02 0.000000E+00 0.000000E+00 0.000000E+00 0.000000E+00 -6.094176E+01
   0.000000E+00 3.886486E+02 0.000000E+00 0.000000E+00 0.000000E+00 -4.537711E+00
   0.000000E+00 0.000000E+00 3.886486E+02 6.094176E+01 4.537711E+00 0.000000E+00
   0.000000E+00 0.000000E+00 6.094176E+01 4.856889E+02 -1.354447E+01 0.000000E+00
   0.000000E+00 0.000000E+00 4.537711E+00 -1.354447E+01 8.642888E+01 0.000000E+00
   -6.094176E+01 -4.537711E+00 0.000000E+00 0.000000E+00 0.000000E+00 5.721178E+02

0.555556
   2.572924E+08 4.774991E+06 0.000000E+00 0.000000E+00 0.000000E+00 8.841914E+07
   4.774991E+06 3.983884E+08 0.000000E+00 0.000000E+00 0.000000E+00 1.276545E+07
   0.000000E+00 0.000000E+00 5.933208E+09 6.883593E+06 7.082345E+07 0.000000E+00
   0.000000E+00 0.000000E+00 6.883593E+06 5.612543E+09 -1.412988E+08 0.000000E+00
   0.000000E+00 0.000000E+00 7.082345E+07 -1.412988E+08 1.435721E+09 0.000000E+00
   8.841914E+07 1.276545E+07 0.000000E+00 0.000000E+00 0.000000E+00 3.094695E+08

   3.740538E+02 0.000000E+00 0.000000E+00 0.000000E+00 0.000000E+00 -5.531198E+01
   0.000000E+00 3.740538E+02 0.000000E+00 0.000000E+00 0.000000E+00 -2.460652E+00
   0.000000E+00 0.000000E+00 3.740538E+02 5.531198E+01 2.460652E+00 0.000000E+00
   0.000000E+00 0.000000E+00 5.531198E+01 4.405073E+02 -1.164649E+01 0.000000E+00
   0.000000E+00 0.000000E+00 2.460652E+00 -1.164649E+01 7.745136E+01 0.000000E+00
   -5.531198E+01 -2.460652E+00 0.000000E+00 0.000000E+00 0.000000E+00 5.179587E+02

0.571429
   2.449178E+08 4.305871E+06 0.000000E+00 0.000000E+00 0.000000E+00 8.176500E+07
   4.305871E+06 3.821128E+08 0.000000E+00 0.000000E+00 0.000000E+00 1.371918E+07
   0.000000E+00 0.000000E+00 5.714230E+09 -6.570770E+06 3.985430E+07 0.000000E+00
   0.000000E+00 0.000000E+00 -6.570770E+06 5.078816E+09 -1.191670E+08 0.000000E+00
   0.000000E+00 0.000000E+00 3.985430E+07 -1.191670E+08 1.283609E+09 0.000000E+00
   8.176500E+07 1.371918E+07 0.000000E+00 0.000000E+00 0.000000E+00 2.771333E+08

   3.588873E+02 0.000000E+00 0.000000E+00 0.000000E+00 0.000000E+00 -5.001247E+01
   0.000000E+00 3.588873E+02 0.000000E+00 0.000000E+00 0.000000E+00 -6.623792E-01
   0.000000E+00 0.000000E+00 3.588873E+02 5.001247E+01 6.623792E-01 0.000000E+00
   0.000000E+00 0.000000E+00 5.001247E+01 3.972991E+02 -9.984171E+00 0.000000E+00
   0.000000E+00 0.000000E+00 6.623792E-01 -9.984171E+00 6.927107E+01 0.000000E+00
   -5.001247E+01 -6.623792E-01 0.000000E+00 0.000000E+00 0.000000E+00 4.665702E+02

0.587302
   2.319461E+08 3.841974E+06 0.000000E+00 0.000000E+00 0.000000E+00 7.501690E+07
   3.841974E+06 3.632175E+08 0.000000E+00 0.000000E+00 0.000000E+00 1.429679E+07
   0.000000E+00 0.000000E+00 5.491162E+09 -2.358692E+07 1.306686E+07 0.000000E+00
   0.000000E+00 0.000000E+00 -2.358692E+07 4.567882E+09 -1.000989E+08 0.000000E+00
   0.000000E+00 0.000000E+00 1.306686E+07 -1.000989E+08 1.149581E+09 0.000000E+00
   7.501690E+07 1.429679E+07 0.000000E+00 0.000000E+00 0.000000E+00 2.460376E+08

   3.436949E+02 0.000000E+00 0.000000E+00 0.000000E+00 0.000000E+00 -4.570246E+01
   0.000000E+00 3.436949E+02 0.000000E+00 0.000000E+00 0.000000E+00 8.846561E-01
   0.000000E+00 0.000000E+00 3.436949E+02 4.570246E+01 -8.846561E-01 0.000000E+00
   0.000000E+00 0.000000E+00 4.570246E+01 3.569738E+02 -8.577035E+00 0.000000E+00
   0.000000E+00 0.000000E+00 -8.846561E-01 -8.577035E+00 6.186068E+01 0.000000E+00
   -4.570246E+01 8.846561E-01 0.000000E+00 0.000000E+00 0.000000E+00 4.188344E+02

0.603175
   2.230520E+08 3.559975E+06 0.000000E+00 0.000000E+00 0.000000E+00 6.968871E+07
   3.559975E+06 3.524621E+08 0.000000E+00 0.000000E+00 0.000000E+00 1.491805E+07
   0.000000E+00 0.000000E+00 5.279103E+09 -5.310536E+07 -9.633681E+06 0.000000E+00
   0.000000E+00 0.000000E+00 -5.310536E+07 4.053441E+09 -8.300832E+07 0.000000E+00
   0.000000E+00 0.000000E+00 -9.633681E+06 -8.300832E+07 1.031932E+09 0.000000E+00
   6.968871E+07 1.491805E+07 0.000000E+00 0.000000E+00 0.000000E+00 2.233053E+08

   3.281150E+02 0.000000E+00 0.000000E+00 0.000000E+00 0.000000E+00 -3.952866E+01
   0.000000E+00 3.281150E+02 0.000000E+00 0.000000E+00 0.000000E+00 2.131386E+00
   0.000000E+00 0.000000E+00 3.281150E+02 3.952866E+01 -2.131386E+00 0.000000E+00
   0.000000E+00 0.000000E+00 3.952866E+01 3.141762E+02 -7.245702E+00 0.000000E+00
   0.000000E+00 0.000000E+00 -2.131386E+00 -7.245702E+00 5.537053E+01 0.000000E+00
   -3.952866E+01 2.131386E+00 0.000000E+00 0.000000E+00 0.000000E+00 3.695467E+02

0.619048
   2.126829E+08 3.314266E+06 0.000000E+00 0.000000E+00 0.000000E+00 6.442988E+07
   3.314266E+06 3.425612E+08 0.000000E+00 0.000000E+00 0.000000E+00 1.532682E+07
   0.000000E+00 0.000000E+00 5.080995E+09 -4.682535E+07 -2.886745E+07 0.000000E+00
   0.000000E+00 0.000000E+00 -4.682535E+07 3.674358E+09 -6.985041E+07 0.000000E+00
   0.000000E+00 0.000000E+00 -2.886745E+07 -6.985041E+07 9.263920E+08 0.000000E+00
   6.442988E+07 1.532682E+07 0.000000E+00 0.000000E+00 0.000000E+00 2.020543E+08

   3.150462E+02 0.000000E+00 0.000000E+00 0.000000E+00 0.000000E+00 -3.766822E+01
   0.000000E+00 3.150462E+02 0.000000E+00 0.000000E+00 0.000000E+00 3.225821E+00
   0.000000E+00 0.000000E+00 3.150462E+02 3.766822E+01 -3.225821E+00 0.000000E+00
   0.000000E+00 0.000000E+00 3.766822E+01 2.855393E+02 -6.291779E+00 0.000000E+00
   0.000000E+00 0.000000E+00 -3.225821E+00 -6.291779E+00 4.962293E+01 0.000000E+00
   -3.766822E+01 3.225821E+00 0.000000E+00 0.000000E+00 0.000000E+00 3.351622E+02

0.634921
   2.040721E+08 2.895610E+06 0.000000E+00 0.000000E+00 0.000000E+00 6.012785E+07
   2.895610E+06 3.265174E+08 0.000000E+00 0.000000E+00 0.000000E+00 1.531653E+07
   0.000000E+00 0.000000E+00 4.878240E+09 -5.253574E+07 -4.388493E+07 0.000000E+00
   0.000000E+00 0.000000E+00 -5.253574E+07 3.302130E+09 -5.793407E+07 0.000000E+00
   0.000000E+00 0.000000E+00 -4.388493E+07 -5.793407E+07 8.321433E+08 0.000000E+00
   6.012785E+07 1.531653E+07 0.000000E+00 0.000000E+00 0.000000E+00 1.823041E+08

   3.010377E+02 0.000000E+00 0.000000E+00 0.000000E+00 0.000000E+00 -3.368694E+01
   0.000000E+00 3.010377E+02 0.000000E+00 0.000000E+00 0.000000E+00 4.013774E+00
   0.000000E+00 0.000000E+00 3.010377E+02 3.368694E+01 -4.013774E+00 0.000000E+00
   0.000000E+00 0.000000E+00 3.368694E+01 2.554939E+02 -5.353003E+00 0.000000E+00
   0.000000E+00 0.000000E+00 -4.013774E+00 -5.353003E+00 4.441090E+01 0.000000E+00
   -3.368694E+01 4.013774E+00 0.000000E+00 0.000000E+00 0.000000E+00 2.999048E+02

0.650794
   1.951973E+08 2.520987E+06 0.000000E+00 0.000000E+00 0.000000E+00 5.544168E+07
   2.520987E+06 3.097777E+08 0.000000E+00 0.000000E+00 0.000000E+00 1.512551E+07
   0.000000E+00 0.000000E+00 4.658425E+09 -5.789635E+07 -5.581288E+07 0.000000E+00
   0.000000E+00 0.000000E+00 -5.789635E+07 2.928196E+09 -4.735260E+07 0.000000E+00
   0.000000E+00 0.000000E+00 -5.581288E+07 -4.735260E+07 7.444138E+08 0.000000E+00
   5.544168E+07 1.512551E+07 0.000000E+00 0.000000E+00 0.000000E+00 1.632591E+08

   2.860913E+02 0.000000E+00 0.000000E+00 0.000000E+00 0.000000E+00 -2.912610E+01
   0.000000E+00 2.860913E+02 0.000000E+00 0.000000E+00 0.000000E+00 4.589584E+00
   0.000000E+00 0.000000E+00 2.860913E+02 2.912610E+01 -4.589584E+00 0.000000E+00
   0.000000E+00 0.000000E+00 2.912610E+01 2.254628E+02 -4.491889E+00 0.000000E+00
   0.000000E+00 0.000000E+00 -4.589584E+00 -4.491889E+00 3.964907E+01 0.000000E+00
   -2.912610E+01 4.589584E+00 0.000000E+00 0.000000E+00 0.000000E+00 2.651119E+02

0.666667
   1.846748E+08 2.341827E+06 0.000000E+00 0.000000E+00 0.000000E+00 4.966247E+07
   2.341827E+06 2.983465E+08 0.000000E+00 0.000000E+00 0.000000E+00 1.499059E+07
   0.000000E+00 0.000000E+00 4.428321E+09 -4.763337E+07 -6.525439E+07 0.000000E+00
   0.000000E+00 0.000000E+00 -4.763337E+07 2.586605E+09 -3.894602E+07 0.000000E+00
   0.000000E+00 0.000000E+00 -6.525439E+07 -3.894602E+07 6.625537E+08 0.000000E+00
   4.966247E+07 1.499059E+07 0.000000E+00 0.000000E+00 0.000000E+00 1.452727E+08

   2.711463E+02 0.000000E+00 0.000000E+00 0.000000E+00 0.000000E+00 -2.625370E+01
   0.000000E+00 2.711463E+02 0.000000E+00 0.000000E+00 0.000000E+00 5.037448E+00
   0.000000E+00 0.000000E+00 2.711463E+02 2.625370E+01 -5.037448E+00 0.000000E+00
   0.000000E+00 0.000000E+00 2.625370E+01 1.989238E+02 -3.808133E+00 0.000000E+00
   0.000000E+00 0.000000E+00 -5.037448E+00 -3.808133E+00 3.530486E+01 0.000000E+00
   -2.625370E+01 5.037448E+00 0.000000E+00 0.000000E+00 0.000000E+00 2.342287E+02

0.682540
   1.755445E+08 2.196388E+06 0.000000E+00 0.000000E+00 0.000000E+00 4.556883E+07
   2.196388E+06 2.891920E+08 0.000000E+00 0.000000E+00 0.000000E+00 1.475670E+07
   0.000000E+00 0.000000E+00 4.217019E+09 -3.793450E+07 -7.249867E+07 0.000000E+00
   0.000000E+00 0.000000E+00 -3.793450E+07 2.312983E+09 -3.264481E+07 0.000000E+00
   0.000000E+00 0.000000E+00 -7.249867E+07 -3.264481E+07 5.910063E+08 0.000000E+00
   4.556883E+07 1.475670E+07 0.000000E+00 0.000000E+00 0.000000E+00 1.310071E+08

   2.588550E+02 0.000000E+00 0.000000E+00 0.000000E+00 0.000000E+00 -2.513786E+01
   0.000000E+00 2.588550E+02 0.000000E+00 0.000000E+00 0.000000E+00 5.427319E+00
   0.000000E+00 0.000000E+00 2.588550E+02 2.513786E+01 -5.427319E+00 0.000000E+00
   0.000000E+00 0.000000E+00 2.513786E+01 1.792451E+02 -3.337090E+00 0.000000E+00
   0.000000E+00 0.000000E+00 -5.427319E+00 -3.337090E+00 3.151847E+01 0.000000E+00
   -2.513786E+01 5.427319E+00 0.000000E+00 0.000000E+00 0.000000E+00 2.107636E+02

0.698413
   1.671059E+08 1.899548E+06 0.000000E+00 0.000000E+00 0.000000E+00 4.209236E+07
   1.899548E+06 2.729390E+08 0.000000E+00 0.000000E+00 0.000000E+00 1.414313E+07
   0.000000E+00 0.000000E+00 4.002948E+09 -4.469150E+07 -7.612028E+07 0.000000E+00
   0.000000E+00 0.000000E+00 -4.469150E+07 2.044007E+09 -2.635958E+07 0.000000E+00
   0.000000E+00 0.000000E+00 -7.612028E+07 -2.635958E+07 5.289837E+08 0.000000E+00
   4.209236E+07 1.414313E+07 0.000000E+00 0.000000E+00 0.000000E+00 1.180018E+08

   2.440901E+02 0.000000E+00 0.000000E+00 0.000000E+00 0.000000E+00 -2.182957E+01
   0.000000E+00 2.440901E+02 0.000000E+00 0.000000E+00 0.000000E+00 5.513213E+00
   0.000000E+00 0.000000E+00 2.440901E+02 2.182957E+01 -5.513213E+00 0.000000E+00
   0.000000E+00 0.000000E+00 2.182957E+01 1.567724E+02 -2.770592E+00 0.000000E+00
   0.000000E+00 0.000000E+00 -5.513213E+00 -2.770592E+00 2.805215E+01 0.000000E+00
   -2.182957E+01 5.513213E+00 0.000000E+00 0.000000E+00 0.000000E+00 1.848246E+02

0.714286
   1.583717E+08 1.699790E+06 0.000000E+00 0.000000E+00 0.000000E+00 3.848816E+07
   1.699790E+06 2.598351E+08 0.000000E+00 0.000000E+00 0.000000E+00 1.354137E+07
   0.000000E+00 0.000000E+00 3.773850E+09 -3.665461E+07 -7.771709E+07 0.000000E+00
   0.000000E+00 0.000000E+00 -3.665461E+07 1.799427E+09 -2.157519E+07 0.000000E+00
   0.000000E+00 0.000000E+00 -7.771709E+07 -2.157519E+07 4.677535E+08 0.000000E+00
   3.848816E+07 1.354137E+07 0.000000E+00 0.000000E+00 0.000000E+00 1.055556E+08

   2.300692E+02 0.000000E+00 0.000000E+00 0.000000E+00 0.000000E+00 -2.014731E+01
   0.000000E+00 2.300692E+02 0.000000E+00 0.000000E+00 0.000000E+00 5.535570E+00
   0.000000E+00 0.000000E+00 2.300692E+02 2.014731E+01 -5.535570E+00 0.000000E+00
   0.000000E+00 0.000000E+00 2.014731E+01 1.384343E+02 -2.360180E+00 0.000000E+00
   0.000000E+00 0.000000E+00 -5.535570E+00 -2.360180E+00 2.485579E+01 0.000000E+00
   -2.014731E+01 5.535570E+00 0.000000E+00 0.000000E+00 0.000000E+00 1.632901E+02

0.730159
   1.511024E+08 1.567436E+06 0.000000E+00 0.000000E+00 0.000000E+00 3.487167E+07
   1.567436E+06 2.503040E+08 0.000000E+00 0.000000E+00 0.000000E+00 1.303753E+07
   0.000000E+00 0.000000E+00 3.550667E+09 -1.797639E+07 -7.833113E+07 0.000000E+00
   0.000000E+00 0.000000E+00 -1.797639E+07 1.588754E+09 -1.821499E+07 0.000000E+00
   0.000000E+00 0.000000E+00 -7.833113E+07 -1.821499E+07 4.124816E+08 0.000000E+00
   3.487167E+07 1.303753E+07 0.000000E+00 0.000000E+00 0.000000E+00 9.442153E+07

   2.163065E+02 0.000000E+00 0.000000E+00 0.000000E+00 0.000000E+00 -1.931294E+01
   0.000000E+00 2.163065E+02 0.000000E+00 0.000000E+00 0.000000E+00 5.505047E+00
   0.000000E+00 0.000000E+00 2.163065E+02 1.931294E+01 -5.505047E+00 0.000000E+00
   0.000000E+00 0.000000E+00 1.931294E+01 1.223525E+02 -2.053836E+00 0.000000E+00
   0.000000E+00 0.000000E+00 -5.505047E+00 -2.053836E+00 2.189057E+01 0.000000E+00
   -1.931294E+01 5.505047E+00 0.000000E+00 0.000000E+00 0.000000E+00 1.442431E+02

0.746032
   1.444997E+08 1.405209E+06 0.000000E+00 0.000000E+00 0.000000E+00 3.113913E+07
   1.405209E+06 2.383097E+08 0.000000E+00 0.000000E+00 0.000000E+00 1.240093E+07
   0.000000E+00 0.000000E+00 3.311207E+09 -6.916507E+05 -7.737821E+07 0.000000E+00
   0.000000E+00 0.000000E+00 -6.916507E+05 1.374371E+09 -1.520448E+07 0.000000E+00
   0.000000E+00 0.000000E+00 -7.737821E+07 -1.520448E+07 3.600680E+08 0.000000E+00
   3.113913E+07 1.240093E+07 0.000000E+00 0.000000E+00 0.000000E+00 8.332527E+07

   2.017277E+02 0.000000E+00 0.000000E+00 0.000000E+00 0.000000E+00 -1.788119E+01
   0.000000E+00 2.017277E+02 0.000000E+00 0.000000E+00 0.000000E+00 5.363557E+00
   0.000000E+00 0.000000E+00 2.017277E+02 1.788119E+01 -5.363557E+00 0.000000E+00
   0.000000E+00 0.000000E+00 1.788119E+01 1.061580E+02 -1.757386E+00 0.000000E+00
   0.000000E+00 0.000000E+00 -5.363557E+00 -1.757386E+00 1.913356E+01 0.000000E+00
   -1.788119E+01 5.363557E+00 0.000000E+00 0.000000E+00 0.000000E+00 1.252915E+02

0.761905
   1.366759E+08 1.184396E+06 0.000000E+00 0.000000E+00 0.000000E+00 2.861649E+07
   1.184396E+06 2.223540E+08 0.000000E+00 0.000000E+00 0.000000E+00 1.160147E+07
   0.000000E+00 0.000000E+00 3.083371E+09 9.490400E+06 -7.554583E+07 0.000000E+00
   0.000000E+00 0.000000E+00 9.490400E+06 1.208798E+09 -1.263259E+07 0.000000E+00
   0.000000E+00 0.000000E+00 -7.554583E+07 -1.263259E+07 3.136104E+08 0.000000E+00
   2.861649E+07 1.160147E+07 0.000000E+00 0.000000E+00 0.000000E+00 7.352794E+07

   1.887228E+02 0.000000E+00 0.000000E+00 0.000000E+00 0.000000E+00 -1.684414E+01
   0.000000E+00 1.887228E+02 0.000000E+00 0.000000E+00 0.000000E+00 5.221760E+00
   0.000000E+00 0.000000E+00 1.887228E+02 1.684414E+01 -5.221760E+00 0.000000E+00
   0.000000E+00 0.000000E+00 1.684414E+01 9.381340E+01 -1.513316E+00 0.000000E+00
   0.000000E+00 0.000000E+00 -5.221760E+00 -1.513316E+00 1.669692E+01 0.000000E+00
   -1.684414E+01 5.221760E+00 0.000000E+00 0.000000E+00 0.000000E+00 1.105103E+02

0.777778
   1.293095E+08 1.100948E+06 0.000000E+00 0.000000E+00 0.000000E+00 2.581606E+07
   1.100948E+06 2.129316E+08 0.000000E+00 0.000000E+00 0.000000E+00 1.097023E+07
   0.000000E+00 0.000000E+00 2.864151E+09 2.396709E+07 -7.263549E+07 0.000000E+00
   0.000000E+00 0.000000E+00 2.396709E+07 1.057517E+09 -1.096901E+07 0.000000E+00
   0.000000E+00 0.000000E+00 -7.263549E+07 -1.096901E+07 2.721772E+08 0.000000E+00
   2.581606E+07 1.097023E+07 0.000000E+00 0.000000E+00 0.000000E+00 6.528910E+07

   1.765754E+02 0.000000E+00 0.000000E+00 0.000000E+00 0.000000E+00 -1.645036E+01
   0.000000E+00 1.765754E+02 0.000000E+00 0.000000E+00 0.000000E+00 5.033234E+00
   0.000000E+00 0.000000E+00 1.765754E+02 1.645036E+01 -5.033234E+00 0.000000E+00
   0.000000E+00 0.000000E+00 1.645036E+01 8.295367E+01 -1.351464E+00 0.000000E+00
   0.000000E+00 0.000000E+00 -5.033234E+00 -1.351464E+00 1.453076E+01 0.000000E+00
   -1.645036E+01 5.033234E+00 0.000000E+00 0.000000E+00 0.000000E+00 9.748443E+01

0.793651
   1.224699E+08 9.752629E+05 0.000000E+00 0.000000E+00 0.000000E+00 2.338791E+07
   9.752629E+05 2.011843E+08 0.000000E+00 0.000000E+00 0.000000E+00 1.025163E+07
   0.000000E+00 0.000000E+00 2.649829E+09 2.999480E+07 -6.902816E+07 0.000000E+00
   0.000000E+00 0.000000E+00 2.999480E+07 9.172936E+08 -9.244713E+06 0.000000E+00
   0.000000E+00 0.000000E+00 -6.902816E+07 -9.244713E+06 2.356676E+08 0.000000E+00
   2.338791E+07 1.025163E+07 0.000000E+00 0.000000E+00 0.000000E+00 5.786763E+07

   1.635637E+02 0.000000E+00 0.000000E+00 0.000000E+00 0.000000E+00 -1.488050E+01
   0.000000E+00 1.635637E+02 0.000000E+00 0.000000E+00 0.000000E+00 4.753572E+00
   0.000000E+00 0.000000E+00 1.635637E+02 1.488050E+01 -4.753572E+00 0.000000E+00
   0.000000E+00 0.000000E+00 1.488050E+01 7.176888E+01 -1.151026E+00 0.000000E+00
   0.000000E+00 0.000000E+00 -4.753572E+00 -1.151026E+00 1.255748E+01 0.000000E+00
   -1.488050E+01 4.753572E+00 0.000000E+00 0.000000E+00 0.000000E+00 8.432636E+01

0.809524
   1.154159E+08 8.510460E+05 0.000000E+00 0.000000E+00 0.000000E+00 2.112639E+07
   8.510460E+05 1.885176E+08 0.000000E+00 0.000000E+00 0.000000E+00 9.495936E+06
   0.000000E+00 0.000000E+00 2.433269E+09 3.325221E+07 -6.479855E+07 0.000000E+00
   0.000000E+00 0.000000E+00 3.325221E+07 7.860657E+08 -7.704331E+06 0.000000E+00
   0.000000E+00 0.000000E+00 -6.479855E+07 -7.704331E+06 2.016265E+08 0.000000E+00
   2.112639E+07 9.495936E+06 0.000000E+00 0.000000E+00 0.000000E+00 5.088433E+07

   1.506567E+02 0.000000E+00 0.000000E+00 0.000000E+00 0.000000E+00 -1.323584E+01
   0.000000E+00 1.506567E+02 0.000000E+00 0.000000E+00 0.000000E+00 4.442462E+00
   0.000000E+00 0.000000E+00 1.506567E+02 1.323584E+01 -4.442462E+00 0.000000E+00
   0.000000E+00 0.000000E+00 1.323584E+01 6.156151E+01 -9.693213E-01 0.000000E+00
   0.000000E+00 0.000000E+00 -4.442462E+00 -9.693213E-01 1.079305E+01 0.000000E+00
   -1.323584E+01 4.442462E+00 0.000000E+00 0.000000E+00 0.000000E+00 7.235456E+01

0.825397
   1.089085E+08 8.178215E+05 0.000000E+00 0.000000E+00 0.000000E+00 1.898939E+07
   8.178215E+05 1.811953E+08 0.000000E+00 0.000000E+00 0.000000E+00 8.952778E+06
   0.000000E+00 0.000000E+00 2.238606E+09 4.218667E+07 -6.095753E+07 0.000000E+00
   0.000000E+00 0.000000E+00 4.218667E+07 6.833050E+08 -6.941638E+06 0.000000E+00
   0.000000E+00 0.000000E+00 -6.095753E+07 -6.941638E+06 1.721393E+08 0.000000E+00
   1.898939E+07 8.952778E+06 0.000000E+00 0.000000E+00 0.000000E+00 4.510863E+07

   1.397442E+02 0.000000E+00 0.000000E+00 0.000000E+00 0.000000E+00 -1.306803E+01
   0.000000E+00 1.397442E+02 0.000000E+00 0.000000E+00 0.000000E+00 4.201741E+00
   0.000000E+00 0.000000E+00 1.397442E+02 1.306803E+01 -4.201741E+00 0.000000E+00
   0.000000E+00 0.000000E+00 1.306803E+01 5.401367E+01 -8.865577E-01 0.000000E+00
   0.000000E+00 0.000000E+00 -4.201741E+00 -8.865577E-01 9.285681E+00 0.000000E+00
   -1.306803E+01 4.201741E+00 0.000000E+00 0.000000E+00 0.000000E+00 6.329935E+01

0.841270
   1.009417E+08 8.030682E+05 0.000000E+00 0.000000E+00 0.000000E+00 1.661207E+07
   8.030682E+05 1.765270E+08 0.000000E+00 0.000000E+00 0.000000E+00 8.675656E+06
   0.000000E+00 0.000000E+00 2.032400E+09 4.777492E+07 -5.648517E+07 0.000000E+00
   0.000000E+00 0.000000E+00 4.777492E+07 5.805053E+08 -5.947665E+06 0.000000E+00
   0.000000E+00 0.000000E+00 -5.648517E+07 -5.947665E+06 1.461251E+08 0.000000E+00
   1.661207E+07 8.675656E+06 0.000000E+00 0.000000E+00 0.000000E+00 3.999356E+07

   1.272785E+02 0.000000E+00 0.000000E+00 0.000000E+00 0.000000E+00 -1.168573E+01
   0.000000E+00 1.272785E+02 0.000000E+00 0.000000E+00 0.000000E+00 3.876117E+00
   0.000000E+00 0.000000E+00 1.272785E+02 1.168573E+01 -3.876117E+00 0.000000E+00
   0.000000E+00 0.000000E+00 1.168573E+01 4.569506E+01 -7.473539E-01 0.000000E+00
   0.000000E+00 0.000000E+00 -3.876117E+00 -7.473539E-01 7.893946E+00 0.000000E+00
   -1.168573E+01 3.876117E+00 0.000000E+00 0.000000E+00 0.000000E+00 5.358901E+01

0.857143
   9.404956E+07 6.876045E+05 0.000000E+00 0.000000E+00 0.000000E+00 1.444387E+07
   6.876045E+05 1.615400E+08 0.000000E+00 0.000000E+00 0.000000E+00 7.796670E+06
   0.000000E+00 0.000000E+00 1.817620E+09 6.064983E+07 -5.127487E+07 0.000000E+00
   0.000000E+00 0.000000E+00 6.064983E+07 4.974120E+08 -5.538503E+06 0.000000E+00
   0.000000E+00 0.000000E+00 -5.127487E+07 -5.538503E+06 1.211467E+08 0.000000E+00
   1.444387E+07 7.796670E+06 0.000000E+00 0.000000E+00 0.000000E+00 3.407562E+07

   1.147216E+02 0.000000E+00 0.000000E+00 0.000000E+00 0.000000E+00 -1.146137E+01
   0.000000E+00 1.147216E+02 0.000000E+00 0.000000E+00 0.000000E+00 3.534336E+00
   0.000000E+00 0.000000E+00 1.147216E+02 1.146137E+01 -3.534336E+00 0.000000E+00
   0.000000E+00 0.000000E+00 1.146137E+01 3.948533E+01 -6.779251E-01 0.000000E+00
   0.000000E+00 0.000000E+00 -3.534336E+00 -6.779251E-01 6.566717E+00 0.000000E+00
   -1.146137E+01 3.534336E+00 0.000000E+00 0.000000E+00 0.000000E+00 4.605205E+01

0.873016
   8.767688E+07 5.998458E+05 0.000000E+00 0.000000E+00 0.000000E+00 1.273705E+07
   5.998458E+05 1.491605E+08 0.000000E+00 0.000000E+00 0.000000E+00 7.031717E+06
   0.000000E+00 0.000000E+00 1.609582E+09 6.553808E+07 -4.597879E+07 0.000000E+00
   0.000000E+00 0.000000E+00 6.553808E+07 4.186150E+08 -4.975624E+06 0.000000E+00
   0.000000E+00 0.000000E+00 -4.597879E+07 -4.975624E+06 9.915583E+07 0.000000E+00
   1.273705E+07 7.031717E+06 0.000000E+00 0.000000E+00 0.000000E+00 2.895080E+07

   1.030393E+02 0.000000E+00 0.000000E+00 0.000000E+00 0.000000E+00 -1.098556E+01
   0.000000E+00 1.030393E+02 0.000000E+00 0.000000E+00 0.000000E+00 3.208609E+00
   0.000000E+00 0.000000E+00 1.030393E+02 1.098556E+01 -3.208609E+00 0.000000E+00
   0.000000E+00 0.000000E+00 1.098556E+01 3.377944E+01 -6.083328E-01 0.000000E+00
   0.000000E+00 0.000000E+00 -3.208609E+00 -6.083328E-01 5.418177E+00 0.000000E+00
   -1.098556E+01 3.208609E+00 0.000000E+00 0.000000E+00 0.000000E+00 3.919762E+01

0.888889
   8.156708E+07 5.844102E+05 0.000000E+00 0.000000E+00 0.000000E+00 1.118793E+07
   5.844102E+05 1.429091E+08 0.000000E+00 0.000000E+00 0.000000E+00 6.587433E+06
   0.000000E+00 0.000000E+00 1.422531E+09 6.959869E+07 -4.122547E+07 0.000000E+00
   0.000000E+00 0.000000E+00 6.959869E+07 3.494868E+08 -4.555217E+06 0.000000E+00
   0.000000E+00 0.000000E+00 -4.122547E+07 -4.555217E+06 8.085444E+07 0.000000E+00
   1.118793E+07 6.587433E+06 0.000000E+00 0.000000E+00 0.000000E+00 2.504390E+07

   9.240553E+01 0.000000E+00 0.000000E+00 0.000000E+00 0.000000E+00 -1.033815E+01
   0.000000E+00 9.240553E+01 0.000000E+00 0.000000E+00 0.000000E+00 2.907882E+00
   0.000000E+00 0.000000E+00 9.240553E+01 1.033815E+01 -2.907882E+00 0.000000E+00
   0.000000E+00 0.000000E+00 1.033815E+01 2.860110E+01 -5.452892E-01 0.000000E+00
   0.000000E+00 0.000000E+00 -2.907882E+00 -5.452892E-01 4.448004E+00 0.000000E+00
   -1.033815E+01 2.907882E+00 0.000000E+00 0.000000E+00 0.000000E+00 3.304910E+01

0.904762
   7.445151E+07 6.499020E+05 0.000000E+00 0.000000E+00 0.000000E+00 9.171860E+06
   6.499020E+05 1.395665E+08 0.000000E+00 0.000000E+00 0.000000E+00 6.335963E+06
   0.000000E+00 0.000000E+00 1.252284E+09 8.518836E+07 -3.708648E+07 0.000000E+00
   0.000000E+00 0.000000E+00 8.518836E+07 3.025999E+08 -4.853010E+06 0.000000E+00
   0.000000E+00 0.000000E+00 -3.708648E+07 -4.853010E+06 6.444077E+07 0.000000E+00
   9.171860E+06 6.335963E+06 0.000000E+00 0.000000E+00 0.000000E+00 2.170894E+07

   8.249007E+01 0.000000E+00 0.000000E+00 0.000000E+00 0.000000E+00 -1.012333E+01
   0.000000E+00 8.249007E+01 0.000000E+00 0.000000E+00 0.000000E+00 2.627177E+00
   0.000000E+00 0.000000E+00 8.249007E+01 1.012333E+01 -2.627177E+00 0.000000E+00
   0.000000E+00 0.000000E+00 1.012333E+01 2.453241E+01 -5.196790E-01 0.000000E+00
   0.000000E+00 0.000000E+00 -2.627177E+00 -5.196790E-01 3.609158E+00 0.000000E+00
   -1.012333E+01 2.627177E+00 0.000000E+00 0.000000E+00 0.000000E+00 2.814156E+01

0.920635
   6.525563E+07 5.942534E+05 0.000000E+00 0.000000E+00 0.000000E+00 7.447928E+06
   5.942534E+05 1.268310E+08 0.000000E+00 0.000000E+00 0.000000E+00 5.586419E+06
   0.000000E+00 0.000000E+00 1.057498E+09 7.846752E+07 -3.129502E+07 0.000000E+00
   0.000000E+00 0.000000E+00 7.846752E+07 2.393862E+08 -4.111060E+06 0.000000E+00
   0.000000E+00 0.000000E+00 -3.129502E+07 -4.111060E+06 4.912418E+07 0.000000E+00
   7.447928E+06 5.586419E+06 0.000000E+00 0.000000E+00 0.000000E+00 1.762922E+07

   7.135195E+01 0.000000E+00 0.000000E+00 0.000000E+00 0.000000E+00 -9.177674E+00
   0.000000E+00 7.135195E+01 0.000000E+00 0.000000E+00 0.000000E+00 2.267398E+00
   0.000000E+00 0.000000E+00 7.135195E+01 9.177674E+00 -2.267398E+00 0.000000E+00
   0.000000E+00 0.000000E+00 9.177674E+00 1.998384E+01 -4.469748E-01 0.000000E+00
   0.000000E+00 0.000000E+00 -2.267398E+00 -4.469748E-01 2.780456E+00 0.000000E+00
   -9.177674E+00 2.267398E+00 0.000000E+00 0.000000E+00 0.000000E+00 2.276430E+01

0.936508
   5.499257E+07 6.146910E+05 0.000000E+00 0.000000E+00 0.000000E+00 5.707697E+06
   6.146910E+05 1.162851E+08 0.000000E+00 0.000000E+00 0.000000E+00 4.881186E+06
   0.000000E+00 0.000000E+00 8.708735E+08 7.458787E+07 -2.555969E+07 0.000000E+00
   0.000000E+00 0.000000E+00 7.458787E+07 1.864333E+08 -3.645988E+06 0.000000E+00
   0.000000E+00 0.000000E+00 -2.555969E+07 -3.645988E+06 3.552649E+07 0.000000E+00
   5.707697E+06 4.881186E+06 0.000000E+00 0.000000E+00 0.000000E+00 1.391171E+07

   6.015462E+01 0.000000E+00 0.000000E+00 0.000000E+00 0.000000E+00 -8.557250E+00
   0.000000E+00 6.015462E+01 0.000000E+00 0.000000E+00 0.000000E+00 1.896227E+00
   0.000000E+00 0.000000E+00 6.015462E+01 8.557250E+00 -1.896227E+00 0.000000E+00
   0.000000E+00 0.000000E+00 8.557250E+00 1.588924E+01 -3.971833E-01 0.000000E+00
   0.000000E+00 0.000000E+00 -1.896227E+00 -3.971833E-01 2.024625E+00 0.000000E+00
   -8.557250E+00 1.896227E+00 0.000000E+00 0.000000E+00 0.000000E+00 1.791386E+01

0.952381
   4.504920E+07 6.576706E+05 0.000000E+00 0.000000E+00 0.000000E+00 4.115883E+06
   6.576706E+05 1.048955E+08 0.000000E+00 0.000000E+00 0.000000E+00 4.128815E+06
   0.000000E+00 0.000000E+00 6.904551E+08 7.226882E+07 -1.985488E+07 0.000000E+00
   0.000000E+00 0.000000E+00 7.226882E+07 1.410259E+08 -3.293341E+06 0.000000E+00
   0.000000E+00 0.000000E+00 -1.985488E+07 -3.293341E+06 2.345594E+07 0.000000E+00
   4.115883E+06 4.128815E+06 0.000000E+00 0.000000E+00 0.000000E+00 1.036369E+07

   4.918109E+01 0.000000E+00 0.000000E+00 0.000000E+00 0.000000E+00 -7.595357E+00
   0.000000E+00 4.918109E+01 0.000000E+00 0.000000E+00 0.000000E+00 1.509509E+00
   0.000000E+00 0.000000E+00 4.918109E+01 7.595357E+00 -1.509509E+00 0.000000E+00
   0.000000E+00 0.000000E+00 7.595357E+00 1.199800E+01 -3.376486E-01 0.000000E+00
   0.000000E+00 0.000000E+00 -1.509509E+00 -3.376486E-01 1.359816E+00 0.000000E+00
   -7.595357E+00 1.509509E+00 0.000000E+00 0.000000E+00 0.000000E+00 1.335782E+01

0.968254
   3.500396E+07 6.663341E+05 0.000000E+00 0.000000E+00 0.000000E+00 2.740096E+06
   6.663341E+05 8.915497E+07 0.000000E+00 0.000000E+00 0.000000E+00 3.194742E+06
   0.000000E+00 0.000000E+00 5.091082E+08 6.411338E+07 -1.393884E+07 0.000000E+00
   0.000000E+00 0.000000E+00 6.411338E+07 9.753786E+07 -2.700951E+06 0.000000E+00
   0.000000E+00 0.000000E+00 -1.393884E+07 -2.700951E+06 1.299986E+07 0.000000E+00
   2.740096E+06 3.194742E+06 0.000000E+00 0.000000E+00 0.000000E+00 6.801358E+06

   3.814105E+01 0.000000E+00 0.000000E+00 0.000000E+00 0.000000E+00 -6.093608E+00
   0.000000E+00 3.814105E+01 0.000000E+00 0.000000E+00 0.000000E+00 1.100318E+00
   0.000000E+00 0.000000E+00 3.814105E+01 6.093608E+00 -1.100318E+00 0.000000E+00
   0.000000E+00 0.000000E+00 6.093608E+00 8.164973E+00 -2.548601E-01 0.000000E+00
   0.000000E+00 0.000000E+00 -1.100318E+00 -2.548601E-01 7.975672E-01 0.000000E+00
   -6.093608E+00 1.100318E+00 0.000000E+00 0.000000E+00 0.000000E+00 8.962540E+00

0.984127
   2.360185E+07 5.827847E+05 0.000000E+00 0.000000E+00 0.000000E+00 1.561896E+06
   5.827847E+05 6.593405E+07 0.000000E+00 0.000000E+00 0.000000E+00 1.982440E+06
   0.000000E+00 0.000000E+00 3.168551E+08 4.330521E+07 -7.680981E+06 0.000000E+00
   0.000000E+00 0.000000E+00 4.330521E+07 4.980117E+07 -1.586885E+06 0.000000E+00
   0.000000E+00 0.000000E+00 -7.680981E+06 -1.586885E+06 5.054281E+06 0.000000E+00
   1.561896E+06 1.982440E+06 0.000000E+00 0.000000E+00 0.000000E+00 3.272666E+06

   2.588845E+01 0.000000E+00 0.000000E+00 0.000000E+00 0.000000E+00 -4.110339E+00
   0.000000E+00 2.588845E+01 0.000000E+00 0.000000E+00 0.000000E+00 6.549899E-01
   0.000000E+00 0.000000E+00 2.588845E+01 4.110339E+00 -6.549899E-01 0.000000E+00
   0.000000E+00 0.000000E+00 4.110339E+00 4.357852E+00 -1.505063E-01 0.000000E+00
   0.000000E+00 0.000000E+00 -6.549899E-01 -1.505063E-01 3.432299E-01 0.000000E+00
   -4.110339E+00 6.549899E-01 0.000000E+00 0.000000E+00 0.000000E+00 4.701082E+00

1.000000
   1.226170E+07 4.394427E+05 0.000000E+00 0.000000E+00 0.000000E+00 1.129011E+06
   4.394427E+05 3.862088E+07 0.000000E+00 0.000000E+00 0.000000E+00 7.085452E+05
   0.000000E+00 0.000000E+00 1.722476E+08 1.185096E+07 -2.500571E+06 0.000000E+00
   0.000000E+00 0.000000E+00 1.185096E+07 1.353571E+07 -3.669077E+05 0.000000E+00
   0.000000E+00 0.000000E+00 -2.500571E+06 -3.669077E+05 1.068096E+06 0.000000E+00
   1.129011E+06 7.085452E+05 0.000000E+00 0.000000E+00 0.000000E+00 9.095520E+05

   1.542816E+01 0.000000E+00 0.000000E+00 0.000000E+00 0.000000E+00 -1.153150E+00
   0.000000E+00 1.542816E+01 0.000000E+00 0.000000E+00 0.000000E+00 2.322503E-01
   0.000000E+00 0.000000E+00 1.542816E+01 1.153150E+00 -2.322503E-01 0.000000E+00
   0.000000E+00 0.000000E+00 1.153150E+00 1.209183E+00 -3.472411E-02 0.000000E+00
   0.000000E+00 0.000000E+00 -2.322503E-01 -3.472411E-02 8.488125E-02 0.000000E+00
   -1.153150E+00 2.322503E-01 0.000000E+00 0.000000E+00 0.000000E+00 1.294064E+00

