# r/R [-]     Fn [N/m]     Ft [N/m]
3.261718749999999861e-02 8.415179562614015651e+01 -2.467597046197482769e+01
4.785156250000000000e-02 9.326265920302633106e+01 -3.683312850966404284e+01
6.308593749999999445e-02 1.149887317562405116e+02 -3.695318859238287956e+01
7.832031250000000278e-02 1.522275710398955653e+02 -5.281042243442841233e+00
9.355468749999999722e-02 2.553957632464992002e+02 6.548410569762947375e+01
1.087890625000000056e-01 4.993334821154342649e+02 2.438204017691753336e+02
1.240234375000000000e-01 8.531634358642064626e+02 4.131130212076732278e+02
1.392578124999999944e-01 1.107815566200137255e+03 4.972823520791652072e+02
1.544921874999999889e-01 1.306469652588997860e+03 5.476784368198578932e+02
1.697265625000000111e-01 1.509331002122373548e+03 5.897792321902969661e+02
1.849609375000000056e-01 1.733125966384762023e+03 6.277361477317617755e+02
2.001953125000000000e-01 1.964966195679161046e+03 6.641572129287711732e+02
2.154296874999999944e-01 2.183196424002564527e+03 6.946569692040216069e+02
2.306640624999999889e-01 2.393338805327858154e+03 7.190358541550389191e+02
2.458984375000000111e-01 2.597802321849289456e+03 7.368076374252677851e+02
2.611328124999999778e-01 2.787266492639172611e+03 7.460365559327871097e+02
2.763671875000000000e-01 2.967678896593756690e+03 7.510856788478187127e+02
2.916015625000000222e-01 3.141533672830173145e+03 7.540442114658350192e+02
3.068359374999999889e-01 3.310756081310361424e+03 7.558614840583103387e+02
3.220703125000000111e-01 3.478184090474901495e+03 7.569726887219418359e+02
3.373046874999999778e-01 3.643614939552679516e+03 7.576881858934018510e+02
3.525390625000000000e-01 3.808519446145952770e+03 7.581684669959308849e+02
3.677734375000000222e-01 3.972898181591575394e+03 7.584493450379442265e+02
3.830078124999999889e-01 4.136757585865444526e+03 7.585149640465348284e+02
3.982421875000000111e-01 4.301266653655063237e+03 7.583909001336617166e+02
4.134765624999999778e-01 4.465805453262908486e+03 7.581553957369712862e+02
4.287109375000000000e-01 4.629881115272744864e+03 7.578085910721664504e+02
4.439453125000000222e-01 4.793579422481192523e+03 7.573971335578816024e+02
4.591796874999999889e-01 4.958067582114126708e+03 7.569326757637909395e+02
4.744140625000000111e-01 5.122281620502938495e+03 7.564241482722395631e+02
4.896484374999999778e-01 5.286576436586832642e+03 7.558934332089578447e+02
5.048828125000000000e-01 5.451202120408592236e+03 7.553553751638654603e+02
5.201171875000000222e-01 5.616820173708122638e+03 7.548289286196613830e+02
5.353515625000000444e-01 5.783544349394061101e+03 7.543371294503126592e+02
5.505859374999999556e-01 5.950298654452926712e+03 7.538950422882730891e+02
5.658203124999999778e-01 6.116578228323308394e+03 7.535044747566272463e+02
5.810546875000000000e-01 6.281997838983444126e+03 7.531738441314832926e+02
5.962890625000000222e-01 6.446331875457754904e+03 7.528646787366584476e+02
6.115234375000000444e-01 6.610430343217379232e+03 7.525593452328530475e+02
6.267578124999999556e-01 6.774467754841369242e+03 7.522333171089567259e+02
6.419921874999999778e-01 6.938586452948573424e+03 7.518582764041676683e+02
6.572265625000000000e-01 7.103110121038404941e+03 7.513115592695762643e+02
6.724609375000000222e-01 7.268480849140112696e+03 7.510436465960109444e+02
6.876953125000000444e-01 7.436083836589878047e+03 7.506776461479904583e+02
7.029296874999999556e-01 7.607679486243978317e+03 7.502397909702729066e+02
7.181640624999999778e-01 7.792669334760370475e+03 7.496183117622092595e+02
7.333984375000000000e-01 7.992777658355413223e+03 7.486618689465016132e+02
7.486328125000000222e-01 8.197855962642210216e+03 7.471998727739814967e+02
7.638671875000000444e-01 8.402323672328408065e+03 7.451197009580051827e+02
7.791015624999999556e-01 8.600428673029722631e+03 7.422903304781190172e+02
7.943359374999999778e-01 8.777611718763680983e+03 7.387737664163825002e+02
8.095703125000000000e-01 8.930232623001278625e+03 7.347023351733203071e+02
8.248046875000000222e-01 9.046404886002272178e+03 7.298569109191279267e+02
8.400390625000000444e-01 9.106839645791491421e+03 7.239979150728547665e+02
8.552734374999999556e-01 9.116901166609772190e+03 7.163169685454597584e+02
8.705078124999999778e-01 9.091862200917834343e+03 7.058960334741354927e+02
8.857421875000000000e-01 9.028956994753494655e+03 6.919840289995573812e+02
9.009765625000000222e-01 8.921431214484753582e+03 6.733890196905116454e+02
9.162109375000000444e-01 8.759446612925656154e+03 6.489605657582258118e+02
9.314453124999999556e-01 8.537849680377374170e+03 6.168933991884706529e+02
9.466796874999999778e-01 8.239786455806284721e+03 5.738623538001471616e+02
9.619140625000000000e-01 7.834754016055828288e+03 5.140596449018215708e+02
9.771484375000000222e-01 7.244936103515162358e+03 4.241714792793330844e+02
9.923828125000000444e-01 4.099112131904028502e+03 2.560630573212429795e+02
