# r/R [-]     Fn [N/m]     Ft [N/m]
2.500000000000000139e-02 3.089706745684806322e+01 -6.866875112258521874e+00
4.489794753780671638e-02 8.801443280359177379e+01 -3.553058046758073374e+01
6.479589507561318851e-02 1.174687172827488126e+02 -3.651126792661295184e+01
8.469384261341990350e-02 1.974539908761630329e+02 1.640383974605181905e+01
1.045917901512263826e-01 3.794086059167613598e+02 1.585445675040200797e+02
1.244897376890330976e-01 8.398366483565811222e+02 4.365934391134969133e+02
1.443876852268395905e-01 1.224821459680292946e+03 5.666303249388734002e+02
1.642856327646463055e-01 1.474378759578091376e+03 6.140012099278109190e+02
1.841835803024527707e-01 1.752025105800628580e+03 6.532829462812384236e+02
2.040815278402594857e-01 2.052996484953311665e+03 6.941222756602390973e+02
2.239794753780662007e-01 2.329607948982814378e+03 7.260386050701912382e+02
2.438774229158726936e-01 2.591804991849293856e+03 7.461457392373880566e+02
2.637753704536791588e-01 2.834863886465660016e+03 7.548681597276887487e+02
2.836733179914858738e-01 3.064431642738324626e+03 7.578338964994544540e+02
3.035712655292925888e-01 3.282711302445245565e+03 7.590084387894629572e+02
3.234692130670990817e-01 3.499168664227555837e+03 7.594405819384533061e+02
3.433671606049055192e-01 3.713953312085484868e+03 7.595537934330943699e+02
3.632651081427122342e-01 3.927735587889874296e+03 7.595863486746594617e+02
3.831630556805189491e-01 4.140813686892000078e+03 7.594253954056490556e+02
4.030610032183254421e-01 4.355777426598603597e+03 7.591143227498869237e+02
4.229589507561321571e-01 4.570347322264721697e+03 7.586438143809797339e+02
4.428568982939386500e-01 4.783481851066503623e+03 7.579704941733673422e+02
4.627548458317453650e-01 4.997928146382118939e+03 7.571899704832061389e+02
4.826527933695518580e-01 5.211832651925290520e+03 7.563393258602812921e+02
5.025507409073585174e-01 5.426024575015036135e+03 7.554800297360649211e+02
5.224486884451650104e-01 5.642000637678053863e+03 7.546706120923496428e+02
5.423466359829717254e-01 5.859454893585080754e+03 7.538601568270076996e+02
5.622445835207782183e-01 6.075761267222280367e+03 7.529940147693400831e+02
5.821425310585847113e-01 6.290261442617580542e+03 7.521259485142445556e+02
6.020404785963914263e-01 6.503205345068208771e+03 7.512952813290993390e+02
6.219384261341981412e-01 6.715981050760241487e+03 7.505275233234673351e+02
6.418363736720048562e-01 6.929538402333047998e+03 7.497762962664835413e+02
6.617343212098113492e-01 7.143559938920938293e+03 7.490667827273488228e+02
6.816322687476178421e-01 7.359618196543639897e+03 7.485357394755218365e+02
7.015302162854245571e-01 7.581673088225693391e+03 7.478542114159681660e+02
7.214281638232312721e-01 7.821969939847587739e+03 7.467101978508583215e+02
7.413261113610377651e-01 8.087068572622469219e+03 7.448864030548222672e+02
7.612240588988444800e-01 8.354674185181687790e+03 7.420688682221410772e+02
7.811220064366508620e-01 8.612355957543148179e+03 7.380529635451662216e+02
8.010199539744575770e-01 8.837397697254113154e+03 7.329184656076505462e+02
8.209179015122642920e-01 9.013314393670378195e+03 7.268742348681146268e+02
8.408158490500705629e-01 9.094024746916291406e+03 7.194730712846985625e+02
8.607137965878774999e-01 9.099427130899548501e+03 7.087231337523340926e+02
8.806117441256839928e-01 9.041501546913141283e+03 6.928463485303077505e+02
9.005096916634907078e-01 8.909103024556037781e+03 6.697215376784103000e+02
9.204076392012974228e-01 8.690856030792085221e+03 6.367855288904850113e+02
9.403055867391032496e-01 8.363619737042636189e+03 5.895151130139930729e+02
9.602035342769099646e-01 7.867102698108737059e+03 5.169206107752029311e+02
9.801014818147175678e-01 7.025863600687066537e+03 3.860907832182019774e+02
9.999994293525233946e-01 1.059264391863159290e+03 -1.376787301422205978e+01
